6041
4293
4332
4226
4200
4149
4253
4246
4195
4181
4191
4407
4512
4315
4442
4385
4343
4530
4513
4314
4299
4206
4120
4189
4421
4282
4211
4215
4158
4394
4829
4593
4409
4499
4368
4430
4586
4217
4430
4432
4503
4416
4395
4882
4642
4661
4496
4505
4367
4556
4281
4494
4314
4357
4466
4428
4322
4453
4467
4401
4448
4459
4370
4274
4504
4404
4301
4481
4469
4503
4418
4359
4466
4401
4255
4218
4370
4405
4264
4500
4355
4474
4436
4387
4206
4413
4356
4461
4490
4778
4594
4430
4245
4391
4374
4367
4462
4404
4401
4326
4239
4456
4193
4242
4383
4388
4357
4345
4474
4416
4355
4405
4411
4348
4426
4341
4292
4438
4404
4414
4294
4364
4330
4431
4363
4436
4437
4414
4367
4316
4444
4485
4442
4480
4367
4601
4403
4326
4450
4384
4327
4504
4287
4385
4458
4407
4326
4344
4257
4220
4273
4291
4230
4454
4125
4287
4382
4265
4343
4375
4414
4373
4337
4283
4340
4404
4432
4428
4390
4445
4151
4299
4452
4418
4396
4358
4291
4770
4369
4380
4325
4352
4239
4183
4281
4447
4430
4218
4220
4387
4461
4356
4223
4332
4233
4285
4426
4245
4374
4368
4311
4300
4401
4353
4428
4432
4436
4415
4344
4384
4436
4344
4143
4380
4284
4298
4469
4373
4335
4450
4213
4135
4249
4265
4277
4235
4328
4314
4380
4351
4371
4334
4107
4203
4157
4122
4199
4185
4062
4262
4148
4130
4087
4117
4340
4165
4335
4465
4350
4433
4301
4354
4408
4309
4366
4402
4386
4286
4448
4290
4299
4327
4325
4324
4182
4364
4369
4275
4235
4303
4349
4356
4361
4330
4176
4449
4429
4380
4282
4456
4433
4305
4277
4343
4362
4208
4288
4194
4250
4279
4304
4144
4324
4274
4273
4128
4325
4180
4264
4366
4359
4261
4321
4383
4277
4373
4249
4154
4357
4331
4296
4342
4369
4350
4241
4291
4330
4235
4332
4252
4327
4289
4517
4422
4365
4457
4169
4354
4291
4253
4398
4304
4249
4325
4299
4366
4424
4211
4356
4157
4396
4332
4276
4290
4278
4223
4228
4261
4302
4311
4246
4382
4287
4162
4387
4377
4304
4318
4303
4147
4328
4224
4316
4345
4383
4394
4280
4292
4198
4185
4362
4183
4379
4387
4324
4384
4257
4185
4255
4438
4127
4220
4354
4201
4124
4136
4189
4204
4270
4312
4335
4286
4195
4305
4302
4403
3785
3876
3537
4033
4274
4267
4268
4237
4285
3434
4180
4433
4247
4357
4219
4173
4354
4316
4317
4339
4270
4251
4478
4295
4153
4378
4332
4369
4294
4344
4041
3923
4239
4405
4153
4406
4346
4265
4393
4164
4226
4380
4124
4235
4281
4294
4343
4471
4332
4319
4160
4298
2953
3994
4228
4455
4333
4191
4223
4319
4069
4243
4213
4311
4331
4450
4249
4426
4324
4310
4230
4388
4432
4408
4025
4334
4100
4328
4252
3254
4199
4234
4380
4299
4370
4178
4334
4292
4270
4364
4300
4178
