161013
853
827
897
852
826
822
821
837
832
907
959
863
828
896
824
831
853
906
844
898
816
834
811
864
821
921
831
928
935
812
926
834
922
854
999
928
923
900
860
823
867
939
860
872
915
878
902
922
916
838
923
961
843
854
902
915
896
890
876
925
925
836
865
830
847
895
906
869
805
823
827
821
975
838
917
927
796
925
885
918
928
785
883
891
817
882
898
838
891
890
908
944
906
899
881
893
891
828
865
821
868
887
915
898
903
821
920
854
921
821
871
897
868
859
880
918
806
893
896
893
904
894
901
854
896
894
841
901
839
919
889
914
872
871
894
848
813
905
904
897
915
873
858
809
800
898
907
887
1007
892
915
903
827
893
822
827
825
897
816
822
885
803
840
907
876
812
912
876
829
867
904
876
886
792
880
853
777
865
816
827
840
812
879
887
744
803
875
804
904
913
825
905
901
807
913
891
884
812
897
825
805
880
830
875
897
819
912
912
830
933
900
881
803
816
866
920
871
836
850
921
764
851
895
890
900
828
851
896
886
821
860
822
904
828
821
827
884
809
828
804
868
901
891
909
787
901
896
823
884
852
890
825
908
815
795
895
806
891
815
841
899
839
878
897
912
937
860
903
871
902
856
896
832
888
843
860
876
930
895
884
848
818
858
784
851
881
939
833
887
846
859
871
752
908
886
797
751
885
760
912
803
884
907
847
842
845
858
853
842
910
901
860
822
886
823
854
842
840
882
822
807
891
788
794
800
839
923
867
853
891
833
890
902
848
833
843
887
836
868
838
845
859
769
821
818
923
853
905
901
927
851
816
882
816
820
830
853
831
844
943
857
829
904
906
788
905
767
883
829
889
836
851
765
901
826
908
823
767
760
782
824
785
837
897
859
887
837
902
808
914
830
913
829
887
764
862
830
822
833
871
798
871
830
837
846
753
847
881
801
819
842
780
840
785
780
876
764
834
854
744
861
747
865
798
767
880
793
910
821
831
797
784
814
855
818
806
869
840
814
889
801
775
829
812
867
805
882
793
824
821
789
815
871
844
885
882
866
835
754
900
817
901
818
886
820
852
764
891
818
901
771
850
835
885
861
868
833
881
809
840
789
819
803
854
833
868
853
752
855
838
802
861
764
825
856
803
800
836
828
880
821
