862
831
835
798
794
826
859
850
802
832
780
864
769
828
804
809
907
865
903
832
808
748
794
911
831
831
805
797
820
949
910
787
830
792
826
932
821
820
832
882
1032
797
1010
907
917
877
868
779
934
799
874
753
784
883
829
880
881
865
768
882
867
791
780
887
800
775
878
866
875
839
798
872
852
801
776
790
854
845
873
770
866
875
794
785
843
787
885
909
931
900
847
839
841
851
785
867
857
840
787
871
858
847
872
861
890
792
772
888
870
840
857
866
796
866
796
776
869
867
849
880
776
783
857
792
857
869
888
776
775
883
880
854
887
837
874
840
788
872
862
872
888
751
787
888
865
775
846
745
787
890
773
859
879
770
798
852
800
832
846
855
828
788
864
778
840
866
853
862
870
788
791
872
855
807
844
776
937
798
852
772
795
774
787
876
866
867
766
824
795
883
810
866
776
875
742
856
872
832
851
800
753
857
793
878
881
888
813
877
865
902
886
803
866
879
814
900
775
804
894
882
807
873
828
866
788
766
741
854
776
800
768
785
840
777
816
861
849
749
887
767
778
757
784
790
813
798
874
775
881
761
774
858
764
840
824
792
727
875
766
835
775
757
773
809
844
854
762
888
767
814
854
802
777
784
880
881
844
748
902
885
780
816
798
777
857
764
817
739
793
758
833
811
744
863
767
825
845
772
866
803
824
786
864
921
883
842
808
840
797
860
784
889
793
822
845
767
835
788
779
767
773
872
768
775
879
821
829
897
813
839
777
842
776
856
794
831
803
831
792
842
795
743
808
692
840
720
720
759
778
717
806
748
801
777
811
758
795
779
807
784
875
777
782
824
861
775
745
858
785
844
789
845
878
776
857
837
877
729
850
777
852
796
839
763
786
837
761
826
781
786
855
778
838
760
832
845
696
806
787
842
847
742
805
856
806
916
837
847
802
839
796
887
794
853
774
846
738
891
780
823
810
797
799
837
817
865
797
776
854
740
852
822
892
867
809
810
918
763
847
827
895
844
886
828
899
769
825
898
826
831
914
779
791
803
796
811
829
874
784
797
900
821
848
778
808
729
786
864
870
864
789
774
783
848
796
877
729
831
780
855
818
779
855
757
816
786
767
