4297
4249
4396
4317
4229
4233
4269
4215
4245
4555
4866
4534
4459
4333
4487
4455
4461
4562
4531
4516
4394
4426
4391
4477
4462
4527
4404
4665
4585
4419
4570
4439
4373
4498
4657
4470
4380
4341
4333
4259
4301
4390
4283
4291
4342
4333
4538
4549
4473
4487
4557
4644
4446
4302
4364
4523
4326
4293
4438
4398
4490
4540
4505
4422
4449
4462
4517
4278
4425
4434
4428
4410
4783
4570
4548
4430
4402
4546
4348
4577
4529
4393
4330
4507
4229
4441
4449
4476
4461
4535
4534
4905
4600
4557
4506
4509
4451
4406
4423
4390
4406
4329
4513
4471
4473
4423
4406
4435
4350
4387
4291
4454
4305
4454
4496
4481
4339
4451
4265
4325
4275
4300
4281
4234
4297
4245
4198
4365
4229
4482
4466
4244
4306
4298
4265
4286
4176
4267
4236
4298
4317
4446
4448
4414
4404
4484
4459
4417
4669
4350
4414
4327
4254
4272
4231
4260
4231
4285
4314
4405
4434
4341
4467
4454
4474
4378
4470
4446
4414
4465
4311
4465
4458
4344
4466
4442
4352
4202
4384
4384
4380
4372
4266
4308
4319
4372
4260
4352
4469
4457
4406
4309
4448
4367
4491
4499
4186
4153
4286
4213
4165
4241
4165
4262
4264
4174
4290
4393
4192
4315
4239
4435
4179
4143
4220
4306
4228
4177
4186
4465
4090
4248
4265
4499
4364
4395
4432
4442
4431
4226
4396
4412
4488
4127
4198
4234
4234
4189
4188
4278
4241
4241
4237
4453
4382
4429
4236
4390
4334
4221
4446
4393
4244
4341
4342
4459
4352
4543
4367
4411
4453
4248
4378
4300
4483
4269
4194
4240
4283
4232
4293
4290
4187
4315
4345
4388
4441
4471
4370
4232
4416
4260
4166
4131
4388
4295
4371
4274
4366
4257
4244
4428
4308
4449
4338
4335
4274
4449
4335
4310
4338
4451
4304
4407
4405
4212
4386
4195
4186
4310
4299
4274
4327
4239
4171
4375
4380
4289
4326
4271
4336
4265
4337
4358
4374
4235
4488
4321
4439
4274
4393
4454
4491
4385
4177
4464
4373
4164
4252
4272
4248
4471
4317
4368
4358
4291
4274
4358
4502
4304
4401
4326
4238
4373
4373
4257
4395
4356
4309
4497
4368
4291
4251
4338
4348
4491
4326
4300
4352
4427
4244
4235
4279
4325
4299
4479
4399
4163
4254
4307
4331
4299
4277
4297
4405
4342
4266
4298
4260
4317
4223
4425
4383
4323
4284
4256
4393
4247
4259
4393
4331
4329
4301
4267
4402
4352
4382
4281
4376
4366
4402
4353
4219
4335
4332
4294
4277
4277
4377
4116
4399
4324
4420
4378
3535
4434
4110
4413
4393
4377
4344
4209
4220
4393
4173
4284
4235
4344
4382
4357
4117
4284
4173
4401
4510
4168
4376
4315
4370
4149
4317
4146
4194
4162
4222
4456
4174
4286
4321
4267
4237
4428
4175
4248
4149
4375
4184
4447
4344
4454
4299
4285
4147
4493
4259
4223
4473
4421
4231
4354
4301
4200
4334
4003
4357
4413
4399
4280
4259
2989
3568
4224
4258
4225
4251
4329
4340
4139
4222
4374
4385
