60201
67621
52183
53228
52164
53480
53294
53343
46132
52069
53504
53504
52143
53367
51992
65292
60833
53522
52531
65358
53221
51902
53281
55045
48573
65379
52048
90424
52461
48519
51583
48541
53585
52107
53283
52018
73683
52324
48774
51855
50547
53569
50291
50343
50193
50355
51667
51527
50283
50110
50500
63561
50859
50894
46190
51257
51098
52626
52537
51137
50978
51068
52588
52469
51039
52545
51046
52536
52502
51111
52827
52166
47433
51069
52176
52392
50704
50842
52454
52497
64103
58921
52406
64389
51113
51207
51066
46310
52812
52605
59560
50923
51029
184549
51370
51305
52372
44683
59456
52224
51183
52360
67686
51132
51176
52426
51345
51077
50784
47536
51444
51143
54449
52854
63302
52921
51333
51371
52676
51389
52869
51596
51477
52781
51349
52712
51410
51301
51513
47630
51145
51427
51263
52411
54170
51137
50592
51034
51063
52552
51113
52527
47967
47502
52815
51414
51227
51539
53057
63201
51668
64587
51691
52829
51586
46411
47826
51314
51212
52874
51248
51296
54325
51571
51236
52871
63184
64536
52613
51279
51252
51520
51672
51491
53077
51449
51802
53057
51684
51538
51478
51413
48085
51508
52787
52984
51507
53312
52608
51278
52875
51351
64816
51303
52603
51306
52873
51259
51332
52814
47362
47398
56827
47188
47412
47199
47375
52229
47601
55722
47438
47472
47438
55697
50579
47423
48939
55743
47511
47453
48852
47377
88567
52334
58878
47520
48541
56545
47181
47170
47401
55506
47240
47159
48460
50451
48796
47225
48472
49254
60873
52074
47474
47587
47236
47688
57010
48793
47351
49221
47537
55704
52399
48983
47677
55779
47648
48980
65936
61780
61756
73470
58739
55017
46745
61772
61781
50132
62038
62011
61985
62013
62021
63287
62089
63395
61994
71581
70354
70258
61815
63117
61773
50207
69954
70063
74812
70059
70204
78961
55923
74176
107594
94558
62515
106215
95844
52920
63009
145472
94347
60707
52554
62213
52664
103978
144325
54056
104057
53832
105923
104076
52678
54095
102724
61044
102509
67583
54156
145743
154156
61135
52850
104218
52962
62577
54193
61234
104137
61298
69583
52920
54255
111294
52542
82824
62497
96213
104106
144323
61866
61770
102038
70280
68838
60566
103471
68797
61879
52424
70117
103547
61994
61791
68945
62034
110617
62051
60670
68964
62062
60701
62061
63777
70353
110806
85824
103644
62061
52605
62057
60692
62126
77569
60475
110457
61804
60474
60466
60538
60588
62012
115202
61708
152161
70114
60604
61852
79081
65899
50270
65807
90677
50383
50326
74196
79006
52259
65792
67237
91917
75567
107242
65858
80381
50227
75402
75457
50330
65813
67136
50260
107502
75450
75623
128971
75491
65827
49022
108782
74186
67197
65831
93627
49006
91916
75390
75556
50334
65833
93867
90959
107410
67119
115780
79155
65886
93902
64035
69100
68983
94226
50945
77528
110367
67655
70865
69204
92608
81071
110813
67715
109385
69103
69000
110740
67856
52290
70838
52247
69060
51016
69118
69056
52302
69131
69079
69270
92943
69128
92500
69162
52192
69137
80889
91062
69116
85507
93853
50915
67728
94157
77452
130859
50927
92877
93902
77231
50792
110785
67829
52232
