48134
52159
48569
52107
51792
53500
52166
53613
51951
51472
69919
54351
53246
65115
61698
54388
53364
52145
51906
53549
60150
52063
73607
52991
67849
65126
53441
52095
50569
50671
47256
51937
50471
51843
50626
67448
50293
129634
96809
50228
67220
50252
51668
50389
50374
51517
49987
50183
52061
50873
47730
51068
50946
52497
51073
52767
51053
51050
46388
47803
79353
52628
51184
52541
50814
51079
50919
52443
50815
50887
50879
50744
52225
51134
52400
51154
50881
52178
50824
50923
51070
50885
52793
51073
52608
51245
52553
51091
52378
52388
51255
52297
51261
52440
52095
64113
51287
50597
51063
64071
51112
51132
54481
51370
51160
52485
51098
52397
51149
51130
52687
51153
51695
51282
47872
46663
47936
48025
47941
53004
52554
51602
52909
51296
51203
52730
44817
52442
51174
50348
51451
52670
51158
51134
51121
51091
52671
62613
76302
47187
51122
51452
51585
51467
52880
64656
52866
51406
51376
52806
53006
51627
52706
51422
53030
51684
51448
51638
51497
52624
51270
52833
51227
51317
51257
52545
51590
51576
51253
52891
51011
51536
46220
51607
52692
51445
52858
51763
64537
54283
51472
52939
101013
51695
51695
51458
51466
50781
52852
51446
51477
52636
51528
44662
52587
51560
51172
48418
58911
47369
47347
48919
48620
48930
47333
47403
47621
140329
47428
47603
47143
47572
47449
47179
48468
90028
48747
47279
47152
47099
60478
93619
55494
47307
48785
47311
88502
47583
47452
48674
52020
47309
48631
55635
47153
48566
47142
63061
63037
53706
61759
133410
61835
45460
48389
73500
61787
63117
61859
61768
61743
94825
63085
61736
63746
61932
63293
62028
50324
96395
62007
62009
63253
63735
61992
50470
61960
53888
46716
89148
93521
65060
53772
61749
61837
74699
45363
71450
57033
62949
53700
71928
71459
53660
46673
70169
70165
46709
70239
70093
74715
82083
70198
62001
46831
61992
86648
45497
63205
62109
75143
67214
62018
46862
61956
61183
70899
144805
52869
54164
61297
70860
102740
54141
107724
54212
77979
95601
65628
52671
104111
52776
53937
60992
104053
65660
87268
62754
52665
61033
52662
70723
54028
61017
61249
137494
78058
69510
107568
94454
54121
94499
62970
94547
70853
70844
54336
90701
54149
61263
102844
62392
102675
53937
60496
60595
110447
73577
68815
71854
102083
60610
61955
61870
143735
60509
60549
61855
52504
60453
60647
112477
73734
111880
70349
60700
60678
53938
60695
62102
60666
60531
110671
73637
61987
94441
145194
60659
70427
102377
130370
61822
60463
98131
111832
131980
61697
52441
61739
77469
70062
75476
77395
60501
53456
75461
66960
67091
67003
65725
67123
67187
73929
91938
83654
65671
65862
75502
67147
48977
68849
67254
140617
79003
65783
65827
122517
62284
75377
50317
108761
74159
75595
67157
104155
75400
67119
67056
65764
75513
195791
90662
74115
67245
62180
67286
67153
67137
65730
83549
91962
91958
117195
91907
65899
79025
50628
68787
67785
76252
69029
52256
105779
52080
77348
50957
69140
81005
67817
89161
93910
92584
51911
69076
109232
64185
50867
67814
87445
105916
52185
122575
52239
109320
69060
67644
52279
50824
69128
67728
93787
140329
67780
77273
70974
119118
126014
119025
