52000
55655
51985
55637
55287
56925
55593
56990
55405
55215
73431
57835
56702
68579
65118
57792
56840
55623
55327
56979
63780
55543
77369
56715
71339
68596
56875
55530
53975
54122
50628
55323
53941
55293
54036
70898
53747
133106
100238
53706
70672
53708
55050
53777
53793
55051
53735
53748
55556
54358
51135
54540
54421
55915
54530
56181
54443
54458
49787
51234
82768
55994
54562
55957
54231
54491
54294
55816
54246
54355
54305
54191
55620
54540
55842
54599
54254
55597
54254
54332
54434
54284
56597
54587
56065
54722
55990
54571
55827
55814
54697
55784
54676
55817
55829
67657
54769
54157
54585
67516
54533
54562
57891
54745
54533
55880
54518
55794
54524
54523
56152
54581
55113
54758
51325
50093
51336
51398
51353
56508
55981
55023
56312
54720
54615
56135
48202
55846
54566
53739
54839
56043
54602
54558
54522
54474
56080
66000
79622
50628
54532
54837
54981
54837
56282
68054
56303
54763
54760
56200
56344
55208
56141
54846
56419
55098
54826
54992
54939
56035
54705
56234
54668
54721
54662
55998
54968
54979
54692
56284
54422
54947
49634
55063
56128
54850
56255
55139
67923
57759
54868
56367
104556
55101
55123
54875
54886
54475
56339
54926
54895
56012
54920
48054
56014
54929
54570
51922
62391
50765
50826
52367
52047
52353
50729
50809
51007
143712
50793
50972
50537
50978
50822
50566
51846
93448
52123
50587
50534
50502
63959
97031
58859
50636
52154
50673
91903
50963
50843
52052
55394
50718
52049
59032
50540
51962
50572
66470
66483
57067
65132
136800
65196
48814
51799
76888
65174
66463
65225
65132
65173
98166
66474
65157
67132
65347
66700
65402
53728
99821
65411
65413
66689
67147
65367
53834
65390
57225
50140
92531
96897
68441
57147
65168
65227
78072
48714
74799
60506
66294
57086
75305
74872
57073
50089
73573
73540
50121
73600
73492
78138
85427
73574
65384
50243
65324
90012
48944
66602
65446
78496
70569
65398
50277
65412
64583
74262
148213
56292
57537
64671
74324
106130
57548
111085
57653
81340
99034
69024
56058
107454
56210
57312
64388
107487
69104
90754
66112
56087
64446
56047
74155
57479
64444
64686
140886
81437
72896
110977
97955
57482
97885
66354
97927
74220
74235
57696
94137
57505
64638
106220
65762
106056
57358
63895
63976
113809
77003
72314
75227
105534
64012
65315
65239
147078
63875
63932
65260
55857
63856
64045
115886
77121
115268
73754
64054
64121
57309
64074
65453
64048
63921
114047
77048
65345
97779
148595
64094
73820
105739
133786
65212
63913
101584
115233
135409
65101
55868
65106
80819
73429
78841
80808
63915
56856
78875
70353
70485
70354
69141
70474
70574
77341
95366
87006
69042
69186
78874
70566
52367
72213
70595
144013
82399
69212
69273
125944
65674
78743
53715
112169
77611
78903
70542
107518
78785
70503
70411
69175
78893
199173
94021
77535
70637
65566
70652
70573
70497
69078
86947
95360
95353
120517
95396
69229
82609
54376
72419
71223
79702
72443
55750
109209
55625
80789
54376
72517
84380
71187
92519
97271
95976
55624
72702
112761
67622
54332
71236
90852
109262
55598
126029
55600
112754
72555
70954
55609
54209
72503
71090
97195
143670
71163
80680
74352
122466
129408
122420
