64014
71001
55635
56630
55594
56903
56722
56744
49531
55555
56903
56937
55541
56738
55618
68873
64282
56887
55974
68765
56643
55614
56657
58421
51959
68769
55441
93771
55841
51907
55195
51946
56995
55512
56694
55419
77087
55733
52240
55238
53919
57306
53765
53827
53664
53823
55089
54954
53702
53661
53970
67007
54276
54270
49543
54675
54518
56011
55984
54487
54341
54445
55958
56018
54451
55979
54514
56001
55962
54502
56232
55556
50859
54461
55573
56022
54230
54316
55870
55959
67525
62293
55825
67790
54505
54582
54434
49787
56195
56023
62842
54337
54412
187953
54745
54675
55801
48134
62838
55623
54510
55778
71110
54525
54616
55870
54784
54530
54509
51013
54851
54497
57816
56253
66722
56303
54737
54768
56137
54778
56272
54982
54852
56213
54748
56089
54750
54684
54933
51036
54515
54795
54712
55810
57586
54528
54005
54676
54547
56008
54548
55921
51364
50969
56231
54809
54618
54919
56439
66554
55137
67993
55095
56216
54960
49822
51221
54712
54604
56233
54602
54669
57711
54933
54711
56235
66519
67942
55976
54632
54617
54901
55044
54886
56473
54859
55146
56470
55069
54954
54854
54851
51495
54954
56220
56390
54939
56682
56006
54673
56218
54675
68161
54663
56025
54682
56294
54653
54761
56170
50723
50812
60190
50558
50827
50584
50794
55640
51007
59126
50809
50873
50830
59132
53930
50816
52320
59106
50855
50842
52201
50748
91987
55698
62280
50873
51909
59927
50563
50554
50837
58878
50586
50553
51874
53824
52118
50562
51831
52663
64319
55432
50850
50937
50599
51120
60423
52150
50685
52591
50918
59013
55766
52326
51036
59161
50983
52360
69298
65140
65083
76813
62087
58356
50158
65131
65147
53510
65417
65390
65406
65393
65389
66601
65422
66762
65373
75021
73725
73644
65194
66478
65103
53564
73353
73433
78186
73431
73559
82313
59270
77545
110943
97948
65908
109604
99235
56293
66488
148847
97759
64362
56142
65753
56049
107361
147714
57434
107435
57438
109297
107466
55986
57453
106079
64440
105939
71184
57546
149131
157524
64564
56213
107576
56288
65953
57577
64602
107496
64652
72928
56294
57633
114591
56195
86227
65903
99618
107462
147651
65229
65144
105361
73698
72237
63924
106822
72214
65272
55812
73508
106892
65351
65185
72339
65415
114020
65451
64097
72363
65456
64082
65428
67259
73743
114167
89201
107005
65424
55964
65422
64099
65453
80926
63859
113830
65177
63898
63853
63905
64008
65373
118608
65085
155534
73519
63937
65216
82433
69247
53639
69159
94016
53738
53703
77636
82380
55658
69175
70595
95282
78970
110598
69210
83756
53606
78780
78841
53703
69208
70539
53651
110897
78849
78941
132335
78857
69209
52427
112180
77594
70577
69203
96976
52406
95283
78756
78943
53697
69216
97258
94340
110788
70596
119126
82523
69255
97243
67433
72473
72420
97640
54307
80913
113759
71074
74241
72554
95957
84447
114155
71074
112778
72481
72395
114099
71278
55689
74229
55603
72461
54350
72477
72447
55698
72482
72430
72614
96326
72544
95894
72531
55570
72529
84247
94430
72467
88876
97209
54296
71117
97547
80795
134134
54276
96295
97259
80591
54169
114117
71163
55603
