853
925
794
857
945
956
821
935
902
945
917
823
864
849
833
918
904
835
864
912
899
839
921
905
833
857
862
881
826
848
846
991
852
824
827
858
861
900
864
892
858
950
898
938
862
868
852
867
869
828
847
910
1017
865
859
906
835
916
846
802
792
836
914
822
905
923
985
940
866
888
852
898
861
1089
844
826
837
975
826
906
892
908
848
897
954
895
929
816
882
819
771
785
906
955
911
909
913
825
815
843
906
865
873
821
909
922
897
876
916
897
905
899
909
902
847
890
902
834
907
950
811
953
859
886
832
816
876
881
906
916
859
810
985
941
839
823
881
830
912
902
838
809
785
896
908
867
825
851
894
900
845
907
906
885
829
901
908
875
816
851
892
807
907
915
823
923
871
914
848
824
904
822
904
916
840
902
818
894
933
904
818
825
787
914
884
890
834
868
890
883
893
806
805
890
899
882
915
876
906
797
900
884
875
880
777
881
859
898
882
788
815
918
908
830
896
900
820
813
904
914
813
894
845
896
853
852
880
836
895
821
894
914
817
919
896
760
729
901
796
807
858
886
832
802
879
913
844
821
859
811
823
914
899
830
820
878
893
900
822
913
858
904
908
799
836
939
921
776
917
832
915
885
814
827
820
904
842
861
809
826
946
890
839
894
850
946
797
915
826
885
770
796
826
879
886
816
797
886
819
920
805
859
924
805
771
896
856
828
867
893
860
948
887
889
845
900
829
795
932
786
842
805
796
852
773
872
913
931
883
812
815
833
940
895
849
854
886
852
906
826
875
845
832
928
845
826
871
840
877
815
815
910
850
830
793
944
788
788
819
917
873
786
815
801
815
885
755
879
896
821
820
824
820
880
812
846
788
816
807
842
836
825
781
815
887
814
835
895
879
767
839
819
817
843
813
867
755
840
827
824
800
776
903
820
812
784
949
774
888
885
763
814
904
838
874
764
876
887
856
898
796
927
782
879
837
851
814
894
854
787
825
838
921
825
890
821
917
825
819
807
781
857
873
801
869
854
767
825
887
789
821
906
849
832
827
907
844
800
790
834
875
808
800
752
822
781
869
759
815
863
807
810
767
784
874
915
845
782
905
785
880
789
791
864
766
859
855
779
713
781
791
780
