823
638
613
626
602
628
632
696
645
637
617
602
622
610
633
626
640
628
621
594
656
615
632
647
631
642
601
599
641
602
624
630
612
629
631
597
625
625
624
628
612
621
638
596
618
595
625
635
628
616
631
624
630
613
607
651
604
621
609
622
622
628
626
624
597
630
620
591
618
613
612
611
592
623
622
616
616
615
620
616
614
622
591
576
562
564
587
581
610
613
644
631
615
635
615
611
622
633
602
614
607
612
614
622
575
609
629
630
649
618
610
615
626
614
602
611
605
626
637
604
595
610
622
672
595
593
607
619
608
626
610
603
592
603
608
592
614
600
612
617
613
610
609
612
613
614
619
625
589
614
617
617
604
613
637
612
631
614
620
617
750
644
629
583
614
616
627
589
607
617
617
626
613
588
612
602
612
617
616
630
616
790
625
596
611
578
618
614
605
600
615
620
589
606
618
621
598
585
606
613
626
618
616
582
595
603
629
608
583
635
611
608
622
607
585
612
633
619
616
611
623
627
599
626
607
629
643
624
615
616
621
616
599
607
610
580
663
617
616
604
616
560
590
615
621
612
592
601
598
604
614
605
637
643
658
630
580
624
590
592
640
600
638
641
575
622
622
637
643
646
637
613
609
585
612
605
611
617
613
612
616
604
612
584
613
603
621
559
606
575
611
601
537
621
611
633
607
619
589
568
604
601
611
612
588
614
614
606
609
620
616
599
609
582
594
604
592
598
589
600
629
574
588
600
592
594
585
606
593
627
614
600
619
618
623
583
610
608
615
628
615
612
620
597
617
624
596
609
630
602
609
612
609
598
607
554
556
606
604
597
575
609
600
587
573
613
607
617
614
610
620
581
592
586
602
610
614
578
609
604
615
614
586
612
605
627
613
612
607
591
600
600
599
606
602
609
579
589
587
590
602
614
608
612
612
626
593
608
615
621
611
582
617
594
602
543
604
614
620
628
611
621
610
575
606
577
601
594
587
581
585
583
649
617
563
581
588
606
619
595
615
542
632
618
587
604
581
626
585
619
616
608
582
613
580
581
615
587
603
605
576
633
540
559
617
568
595
610
617
613
613
608
605
585
610
573
612
609
613
573
621
592
651
582
527
573
602
606
607
609
611
574
618
609
604
619
