3948
2417
2395
2522
2414
2388
2478
2452
2437
2389
2385
2445
2514
2467
2467
2403
2397
2371
2525
2348
2367
2412
2455
2571
2449
2448
2495
2473
2384
2361
2473
2370
2422
2448
2419
2384
2388
2399
2418
2514
2468
2415
2390
2428
2378
2357
2479
2354
2330
2370
2403
2470
2459
2375
2423
2424
2435
2366
2429
2343
2364
2354
2401
2449
2434
2430
2412
2406
2392
2387
2405
2426
2427
2352
2350
2425
2420
2334
2340
2359
2403
2412
2340
2428
2351
2367
2424
2391
2472
2476
2348
2358
2362
2379
2390
2371
2423
2409
2421
2382
2415
2420
2366
2302
2476
2405
2339
2404
2357
2423
2419
2407
2433
2341
2339
2366
2425
2337
2410
2332
2411
2398
2334
2406
2343
2421
2317
2434
2415
2399
2347
2421
2319
2390
2351
2408
2397
2408
2433
2351
2369
2365
2407
2420
2302
2431
2434
2336
2417
2357
2330
2417
2385
2417
2371
2351
2371
2438
2369
2346
2399
2395
2380
2401
2328
2331
2349
2332
2309
2391
2391
2305
2327
2318
2402
2311
2403
2354
2390
2343
2419
2415
2425
2279
2314
2396
2413
2395
2324
2253
2330
2323
2330
2418
2348
2303
2323
2359
2338
2359
2355
2324
2403
2360
2320
2412
2388
2316
2330
2317
2376
2290
2357
2354
2436
2445
2366
2364
2339
2320
2385
2327
2356
2343
2349
2398
2410
2358
2342
2396
2310
2423
2321
2390
2340
2319
2402
2339
2316
2396
2341
2359
2363
2325
2431
2313
2358
2360
2400
2324
2442
2302
2323
2374
2269
2358
2350
2345
2308
2335
2325
2357
2329
2428
2342
2266
2288
2305
2334
2376
2436
2312
2355
2357
2370
2345
2414
2341
2309
2379
2309
2313
2343
2379
2441
2370
2385
2289
2327
2314
2350
2330
2325
2332
2336
2387
2441
2367
2314
2290
2356
2395
2367
2350
2351
2354
2322
2435
2297
2332
2389
2343
2330
2368
2376
2361
2324
2311
2410
2310
2301
2364
2347
2380
2302
2333
2387
2307
2356
2292
2357
2357
2433
2296
2316
2327
2321
2381
2391
2356
2329
2274
2336
2379
2349
2380
2296
2301
2298
2347
2310
2262
2375
2319
2342
2310
2402
2331
2312
2324
2327
2332
2336
2350
2318
2328
2341
2322
2292
2308
2380
2317
2305
2324
2323
2308
2288
2338
2325
2321
2313
2306
2330
2199
2314
2326
2305
2330
2330
2344
2308
2331
2348
2273
2248
2336
2308
2309
2312
2338
2306
2317
2299
2291
2318
2337
2376
2353
2279
2328
2362
2390
2299
2290
2329
2314
2272
2233
2333
2291
2359
2307
2280
2309
2317
2321
2327
2296
2235
2282
2284
2181
2353
2280
2294
2305
2237
2364
2283
2290
2303
2307
2281
2321
2277
2269
2297
2309
2375
2286
2341
2285
2315
2287
2356
2245
2337
2318
2311
2292
2318
2409
2312
2317
2331
2262
2355
2210
2383
2235
2299
2339
2318
2303
2325
2302
2297
2327
