7078
5271
5415
5153
5251
5359
5286
5609
5279
5623
5203
5266
5590
5227
5196
5430
5328
5396
5381
5282
5254
5292
5620
5326
5230
5452
5291
5500
5412
5259
5229
5441
5539
5439
5181
5223
5220
5229
5470
5559
5503
5222
5565
5271
5315
5423
5338
5246
5399
5201
5186
5286
5228
5289
5372
5283
5509
5295
5915
5543
5543
5323
5478
5412
5447
5446
5530
5532
5468
5467
5468
5724
5720
5386
5352
5434
5357
5564
5786
5505
5560
5506
5586
5528
5490
5416
5363
5363
5715
5505
5494
5392
5571
5448
5766
5515
5397
5651
5433
5422
5220
5487
5539
5500
5548
5357
5157
5456
5333
5457
5236
5181
5400
5055
5179
5282
5253
5303
5258
5288
5250
5345
5687
5348
5586
5449
5182
5494
5406
5547
5318
5237
5324
5175
5478
5448
5450
5736
5423
5417
5345
5552
5563
5558
5496
5463
5496
5514
5357
5432
5895
5339
5544
5446
5445
5516
5454
5444
5477
5489
5443
5621
5390
5375
5443
5513
5640
5388
5314
5315
5267
5395
5375
5479
5410
5509
5522
5437
5586
5331
5391
5720
5551
5436
5455
5393
5369
5197
5410
5624
5521
5416
5440
5229
5451
5473
5453
5509
5471
5384
5383
5278
5456
5368
5236
5286
5523
5418
5359
5502
5339
5398
5407
5300
5353
5391
5423
5454
5288
5586
5402
5356
5295
5358
5391
5280
5385
5274
5293
5419
5246
5378
5447
5675
5346
5220
5379
5100
5218
5392
5330
5410
5223
5418
5372
5375
5211
5308
5327
5168
5126
5359
5104
5457
5618
5285
5308
5148
5210
5202
5281
5109
5258
5254
5232
5436
5267
5231
5278
5184
5210
5128
5180
5172
5136
5394
5266
5225
5483
5397
5370
5458
5375
5339
5405
5473
5285
5421
5390
5297
5340
5378
5486
5394
5438
5441
5600
5163
5487
5464
5398
5384
5464
5405
5373
5134
5512
5210
5324
5434
5361
5431
5325
5389
5357
5393
5396
5362
5489
5462
5480
5268
5421
5707
5363
5269
5432
5371
5463
5486
5341
5384
5415
5390
5168
5464
5293
5360
5244
5145
5408
5434
5389
5193
5215
5170
5255
5489
5251
5495
5274
5264
5415
5157
5491
5185
5414
5434
5374
5390
5407
5372
5435
5293
5438
5433
5378
5341
5423
5430
5242
5335
5324
5319
5207
5547
5449
5419
5470
5338
5246
5086
5230
5290
5155
5260
5446
5297
5215
5261
5144
5183
5158
5441
5287
5350
5439
5347
5379
5271
5405
5410
5412
5316
5480
5436
5442
5387
5403
5368
5388
5367
5100
5381
5472
5376
5254
5346
5424
5242
5309
5362
5369
5204
5381
5446
5241
5269
5304
5331
5321
5437
5464
5329
5275
5465
5488
5509
5366
5320
5308
5134
5456
5119
5301
5087
5487
5211
5329
5382
5156
5462
5198
5277
5419
5279
5362
5090
5326
5295
5187
5296
5346
5619
5400
5868
5144
5166
5293
5222
5363
5246
5148
5321
5193
5396
5382
5294
5232
5587
5471
5252
5363
5265
5140
4434
5338
5248
5535
5379
5317
5372
5489
5134
5468
5216
5094
5446
5199
4995
5424
5099
5404
5496
5498
5306
5377
5069
5105
5463
5026
5424
5362
5205
5381
5397
5118
5396
5259
5378
5198
5306
5084
5176
5354
5376
5394
5155
5381
5278
5410
5448
5425
5367
5435
5411
5533
5504
5231
5325
5301
5239
5386
5449
5452
5071
5317
5406
5312
5295
5161
5338
5295
5185
5384
5369
5152
5432
5279
5325
5220
5198
5352
5501
5296
5421
5414
5309
5224
5226
5064
5358
5291
5399
5289
5263
5312
5191
5493
5377
5182
5238
5263
5392
5163
5268
5393
5458
5293
5336
5226
5322
5350
5206
5361
5419
5441
5393
5480
5293
5307
5346
5321
5569
5491
5503
5262
5326
5337
5220
5167
5336
5390
5347
5424
5352
5412
5408
5277
5495
5347
5312
5492
5338
5509
5250
5300
5376
5346
5172
5434
5526
5197
5172
5377
5339
5311
5210
5386
5368
5540
5194
5509
5404
5428
5439
5194
5245
5238
5413
5357
5472
5432
5286
5458
5272
5412
5307
5374
5310
5283
5336
5515
5535
5386
5294
5385
5382
5434
5339
5508
5182
5126
5362
5269
5510
5537
5156
5284
5534
5108
5249
5437
5227
5357
5213
5159
5281
5282
5414
5390
5363
5381
5364
5530
5477
5431
5388
5460
5099
5230
5316
5329
5330
5343
5420
5324
5220
5386
5249
5353
5100
5383
5298
5303
5366
5402
5294
5356
5520
5324
5372
5252
5382
5266
5423
5324
5500
5180
5524
5470
5249
5238
5445
5434
5362
5434
5499
5136
5361
5241
5318
5335
5286
5338
5216
5275
5271
5358
5320
5356
5275
5355
5322
5382
5332
5400
5281
5374
5171
5308
5420
5352
5511
5289
5107
5188
5310
5113
5375
5523
5278
5239
5421
5283
5390
5298
5493
5510
5408
5292
5525
5375
5180
5151
5300
5322
5483
5131
5228
5360
5281
5285
5229
4924
5355
5169
5212
5257
5045
5415
5068
5213
5270
5338
5150
5435
5333
5257
5418
5361
4992
5314
5050
5177
5334
5363
4962
5256
5265
4953
5294
5271
5301
5510
5272
5182
5221
5398
5145
5287
5212
5180
5246
5243
5344
5089
5513
5311
5336
5395
5148
5456
5149
5262
5188
5237
5272
5175
5310
5192
5286
5269
5506
5357
5192
5385
5198
5257
5368
5361
5264
5332
5350
5311
5336
5344
5329
5183
5115
5396
5078
5344
5225
5403
5397
5239
5399
5334
5208
5220
5320
5182
5365
4996
5141
5356
5334
5259
5381
5175
5275
4960
5171
5249
5237
5235
5291
5342
5312
5296
5297
5260
5482
4996
5335
5364
5329
5173
5413
5368
4947
5249
5277
5077
5031
5306
5313
5408
5298
5270
5404
5197
5303
5303
5310
5331
5612
5167
4383
5167
5361
5319
5226
5162
5278
5313
5241
5253
4562
5329
5378
5263
5276
5112
5262
5257
5332
5451
5221
5344
5018
5239
5386
5028
5033
5346
5356
4973
5308
5056
5251
5320
5216
5377
5373
5281
5188
5374
5386
5344
5054
5251
5191
5299
4951
5128
5144
5210
5389
5145
5269
5052
4980
5323
5372
5485
5352
4973
