75822
67402
55946
54993
54816
56304
54658
55061
56090
54614
71619
54760
56294
65648
221478
58029
54971
56050
54964
192837
55024
56332
71633
54801
55988
52604
56361
71377
54941
56034
56814
54955
55100
56324
55069
56333
66717
56429
69333
57368
55184
56250
55254
51470
54981
56480
54970
54995
55004
56180
54969
56985
72678
52689
72694
69486
50483
54980
54675
56370
54954
54717
57820
49819
55967
54704
54816
54660
56303
56732
57036
56639
58017
56816
57196
59827
56417
57800
69627
72909
57584
81645
57739
56560
57905
56414
57785
57656
57772
58124
56289
57936
56279
69870
57674
63505
59183
57541
69891
58630
57049
66698
56873
58315
57056
58402
57110
58200
57005
58233
53481
58421
58824
58513
56696
58417
57020
53412
58466
57028
75085
56890
58349
57139
58410
58931
58243
57091
58194
70544
57041
57251
58287
58163
56905
58395
53443
58905
58328
57114
58264
56850
58449
53430
70138
65289
58136
57141
58358
57158
59964
57201
58200
53506
58336
57129
57059
58257
58383
56859
58420
57060
76112
58400
56884
58259
57068
58361
57104
58222
82253
58205
56918
58589
56640
74923
72005
58240
53459
57063
58407
57145
79151
57128
58418
57083
57144
60003
58058
56888
58359
57178
53469
58383
56861
58408
56972
58129
57297
58613
63854
70385
58416
69309
58646
58437
53784
57357
58634
57241
83600
57160
58651
59142
58613
57163
58383
53745
57412
58681
57158
58444
58405
57358
57346
58717
59259
58648
57180
58480
53774
58555
57396
58541
57163
58406
57338
58707
57342
60347
57375
58422
70507
57328
58478
58454
57165
58651
57378
58649
57333
57322
60339
58478
53762
57415
58646
57152
58471
57188
57918
58817
57195
58636
59116
53724
58482
57287
58658
57353
54397
58446
57277
65880
58558
57328
56192
58716
57358
58456
53940
57375
58617
53041
58703
57207
55826
65807
54721
53006
58733
57300
58778
57305
58390
53794
57347
58754
59069
58777
57341
58769
57527
58597
57310
58766
58711
57225
57668
58519
58658
53876
55613
70704
57267
58645
57283
67100
53953
53768
57489
58630
58603
53920
54000
67530
58673
57272
58564
53853
53922
58834
57285
58730
57372
53934
58700
57476
58596
63767
74653
53762
53880
58793
57519
58639
57412
53955
58735
57486
58598
59319
58675
57464
58873
70828
57198
58569
57219
58810
58608
57541
57644
71489
57272
97424
58711
57197
58756
57308
58856
57383
58570
58676
53892
57460
58837
57489
72443
58581
57443
58849
57472
70717
58652
57242
58526
53911
53919
65861
58553
72217
58440
57473
87207
58836
57474
54751
53170
54637
53241
71300
53305
54609
55317
54498
69935
54716
61581
54637
53228
62998
53500
54467
79255
61925
58064
56459
53346
54547
61688
54748
58267
61894
54331
61755
58137
58067
54774
53177
64894
61860
53581
54391
54585
61572
54787
53151
54657
53172
75207
53374
56441
53198
54494
62971
53373
58227
75125
53220
54691
61661
83254
54530
55269
54778
75067
53217
54704
53393
58150
108080
62704
53653
74942
54540
55119
54667
53219
54514
53353
54606
75144
53454
66124
54757
53346
54758
53149
56368
53374
63175
53352
54646
53331
54533
61700
54789
53134
63385
52997
64734
53454
54532
61771
54490
76331
60771
67904
52465
52415
68064
69345
67968
69859
69203
67983
69445
67935
139454
52281
76328
77954
67707
60770
76254
79381
93256
69319
68029
69163
68096
69197
68028
67936
69331
67910
81253
71185
51361
69157
68120
69261
68130
69305
67780
77685
81152
84603
78062
52490
52420
51128
69420
67996
69242
68012
69299
67876
69369
67972
71146
68038
68024
69300
131047
52360
68012
60749
59533
52416
76371
52448
67944
69310
70051
66398
79479
66348
51133
66435
66434
54682
67901
58077
74695
76018
61598
54831
77723
66298
66338
59444
74430
116149
90872
51095
77790
109308
91124
71453
91317
67641
66103
66004
60149
65387
120083
57053
58373
65389
108315
57093
107008
58445
65292
62783
102892
58389
98669
108513
57091
58308
100558
74014
66833
98947
66813
70304
65699
58445
65565
100335
57127
57399
66824
90369
141851
107180
70329
66814
107328
110165
57284
57181
58584
57317
58600
107077
58630
70312
65486
65647
58509
57272
58503
65625
108515
57213
141811
100862
58235
107033
65411
125254
56836
58355
148640
62040
100063
57124
70037
107067
58483
65297
58302
186910
62128
57039
60150
65353
94818
65529
78543
66777
56975
57032
58426
107037
58450
106896
58463
143416
66696
115393
66677
73729
67439
58491
107210
58585
65549
100240
57181
66419
90233
149551
90324
66447
65062
66420
73406
66251
65195
78082
58355
108360
66402
64994
106723
74755
73307
74806
106689
116319
119692
64965
65102
66331
115328
66204
106697
66449
65033
66407
58751
143948
83360
123510
61497
66157
73330
66048
64942
64832
66253
64858
66261
103101
64855
66289
64764
64992
66179
74940
66300
64879
66171
64879
66166
64972
77986
56794
107739
64959
107714
64997
66183
56862
66209
64869
66348
98287
91660
74509
65232
66202
98717
107951
65082
66330
57012
66363
65084
66404
78160
73371
66369
98569
66375
115328
94866
108036
66892
83082
65162
91102
65098
66390
119882
65231
64882
66464
68989
103609
68892
70279
52876
81771
70305
52463
78788
65393
70728
53707
90620
68697
70155
52335
78600
68681
111798
68679
95444
81804
52390
111664
118799
65415
70190
52666
111511
77211
125018
102209
78339
110445
53692
102167
78459
65325
52477
111879
76954
70215
68762
53770
68734
70124
94013
111689
102134
70170
54418
145165
105498
70313
107198
65499
95533
94221
87116
110641
78612
182334
93467
110541
67000
68915
87205
52483
65602
70296
85817
55587
68898
70413
77260
57329
70257
87326
93946
70316
127546
53779
68907
111971
69067
70386
93559
77351
87151
70230
99124
68730
72194
93870
87011
68895
70212
68704
93597
113738
70617
55688
70716
72080
95946
55798
67431
70718
89006
55758
104064
83703
72471
89377
96857
54403
72077
70709
55639
112468
67366
72086
87648
95582
71900
88982
67597
70730
55558
167246
79005
72080
54399
73918
70829
95909
59240
55720
71017
55794
80509
70904
55808
162666
92335
80538
70918
97513
95616
112452
80670
70968
72208
54491
115681
70823
138652
70899
89396
83719
112566
70888
72261
55849
70937
67551
89040
67602
129380
80613
70914
113785
71014
82536
70666
55556
70873
113623
59034
67390
54391
113847
70600
83859
55623
112416
79222
71926
70875
88849
67303
70812
67477
113559
140656
95519
79198
