5946
5205
5201
5744
5341
5097
5319
5096
5276
5134
5080
5211
5105
5331
5166
5292
5198
4991
5238
5303
5151
5171
5229
5056
5183
5081
5137
5157
5183
5373
5189
5281
5235
5235
5144
5085
5169
5306
5451
5219
5263
6971
5297
5131
5561
5240
5164
5382
5221
5191
5117
5416
5273
5223
5094
5071
5173
5236
5271
5417
5206
5156
5312
5301
5302
5259
5129
5331
5161
5196
5216
5349
5370
5128
5058
5184
5085
5330
5589
5078
5145
5059
5270
5333
5585
5181
5150
5228
5295
5598
5410
5121
5261
5411
5171
5206
5083
5127
5123
5102
5199
5228
5097
5182
5290
5106
5122
5227
5100
4993
5193
5086
5103
5208
5203
5124
5175
5171
5121
5154
5243
5082
5136
5215
5218
5069
5132
5181
5323
5282
5112
5174
5133
5194
5254
5337
5114
5177
5123
5099
5116
5398
5001
5184
5250
5150
5338
5056
5105
5080
5014
5119
5224
5167
5091
5037
5111
5131
5001
5124
5152
5130
5031
5494
5278
5195
5252
5091
5157
5134
5085
5142
5289
5252
5152
5115
5165
5247
5143
5128
5455
5155
5308
5161
5198
5164
5061
5076
5289
5157
5024
5089
5198
5050
5190
4945
5043
5180
5138
5543
5249
5193
5181
5163
5170
5106
5249
5060
5276
5124
5264
5252
5298
5069
5109
5090
5121
5076
5061
5001
5361
5245
5212
5259
5056
5075
5102
5145
5196
5146
5083
5076
5035
5092
5155
5077
5192
5086
5200
5111
5193
5198
5295
5269
7730
5347
5307
5267
5256
5129
5082
5256
5053
5183
5042
5101
5078
5031
5072
5222
5103
5016
5104
5194
5148
5241
5168
5270
5168
5238
5284
5213
5209
5058
5197
5097
5044
5173
5239
5280
5059
5070
4996
5171
5032
5238
5029
5032
5181
5271
5178
5334
5310
5140
5250
5200
5202
5270
4929
5023
5071
5013
5130
5075
5219
5090
5263
5092
5112
5171
4996
5096
5266
4965
5202
5093
5050
5241
5162
5242
5100
5020
5072
4980
5187
4976
5076
5039
5053
5039
5037
5017
4975
5038
4969
5152
5059
5115
5027
4991
5171
5077
5087
5197
5018
5093
5214
5249
5235
5244
5097
5199
5172
5421
5046
5005
5199
5052
5091
5024
5023
5087
5102
5169
5017
5109
5108
5254
5006
5044
5089
5159
5001
4983
5013
5303
5058
5006
4931
5195
5175
5041
5127
5129
5203
5285
5051
5074
5186
5167
5034
5234
5097
5124
5231
5008
5088
5102
5114
5070
5289
5082
5178
5024
5064
4988
5133
5195
5003
5233
4956
5029
5126
5088
5215
5121
4960
5141
5165
5045
5058
5086
5106
5192
5256
5309
5258
4960
5275
5072
5296
5288
5279
5214
5163
5115
5095
4976
5042
5336
5104
5116
5105
4996
5167
5164
5065
5181
5067
5228
5228
5227
4978
4989
5081
4935
5061
5127
5100
5174
5200
5251
5193
5150
5104
5245
4941
5131
5113
5564
5115
5063
5114
5155
5144
5140
5132
5210
5168
5234
5078
5173
5152
5051
5299
5082
5012
5027
5130
5129
5121
5197
5165
5038
5062
5045
5160
5127
5005
5134
5099
5062
5258
5172
5157
5139
5364
5155
5192
5116
5321
5365
4989
5147
5180
5139
5194
5211
5197
5130
5310
5119
5166
5071
5173
5075
5253
5238
5074
5046
5258
5164
5044
5167
5022
5332
5046
5137
5316
5220
5400
5199
5233
5115
5080
5178
5107
4988
5076
5180
5288
5093
5192
5149
5104
5216
5112
5098
5167
5089
5230
5037
5132
5184
5347
5306
5269
5061
5116
5544
5246
5118
5047
5162
5197
5163
5081
5041
5100
5101
5172
5613
5149
5102
5242
5149
5074
5161
5179
5004
5045
5118
5021
5065
5108
5124
5187
5130
5120
5068
5010
5203
4959
5124
4985
5015
4949
5047
4953
5432
5050
5166
5043
5106
5094
5112
5032
5082
5238
4963
5266
5196
5246
5197
5118
5470
5101
5117
5113
5246
5264
5200
5094
5171
5254
5202
5192
5149
5080
5180
4994
5213
5032
5237
5108
5268
5044
5009
5101
5084
5136
5238
4935
5199
4914
5149
5163
5174
5184
5259
5188
5210
5193
5164
5177
5144
5185
5007
5013
5140
5172
5248
5193
5082
4985
5159
5242
5086
5230
5055
5037
5018
5043
5044
5109
5038
5174
5090
5201
5229
5181
5308
5213
5080
5397
4964
5006
5168
5029
5046
5125
4968
5211
4958
5071
5120
5181
5231
5051
5034
4981
5156
5047
4989
4959
5227
5045
5127
5103
5191
4999
5310
5192
5029
5027
5157
4999
5058
5089
5241
5151
5148
5166
5097
5147
5242
5080
5030
5253
5165
5241
5261
5279
5061
5087
5168
5144
5262
5057
5124
5135
4975
5257
5128
5177
5202
5106
5103
4978
5343
5017
4989
5170
5089
5141
5079
5142
5155
5034
5028
5159
5077
5194
4999
5317
5097
5166
5114
5137
5168
5089
5025
5027
5063
4979
5258
5185
5206
5026
5001
5125
5265
5055
4925
5217
5096
5122
5141
5020
5189
5029
5068
5127
5185
4919
5185
5163
5116
5134
5005
5279
4910
5029
5374
4885
4892
4828
5124
5254
5101
5352
4979
5102
4990
5065
5303
5081
4997
5105
5200
4971
5155
5039
5201
5142
5110
5130
4964
5293
4948
4968
5119
5107
5155
5258
5006
5203
5208
5088
5299
5164
4231
4668
4747
4736
5211
5144
5086
5050
4901
5116
5035
5314
4977
4038
5186
4915
5269
5282
5284
4989
5144
5168
4974
4877
5202
5212
5019
5033
5113
5063
5142
5214
5185
5229
5126
4998
5269
5331
5162
5177
5022
5206
5244
5233
5008
4956
4888
5094
5009
4963
5074
3894
5128
5154
5351
4989
5269
5082
5317
5064
5068
5149
4955
5156
5071
5080
4984
4911
4677
4963
5231
5166
5023
5003
5122
5154
5135
5114
5197
5016
5190
5116
5095
5193
5052
5212
4715
5028
5086
4755
4099
5234
4773
4887
4713
5087
4969
4974
5050
5042
5004
4016
4988
4923
4767
5135
5150
5131
5123
4990
4862
5061
5145
4943
5167
5283
5282
4965
5042
5274
4950
4878
5059
5043
5154
5211
5247
5225
5179
4933
5108
5040
5068
5132
4962
5067
4770
5258
5256
