8945
7015
8789
6956
7078
7279
6899
7148
7112
7022
6921
7010
6866
7144
6921
7104
7177
7315
7067
6861
6946
7002
7030
7035
6957
7108
7081
6998
7037
6993
7282
6959
6895
7198
7161
7014
7124
6981
7143
7141
7071
6985
7044
6876
6938
6977
7114
7116
7234
6976
6915
6939
6974
7000
7272
7035
7177
7523
7222
7179
7386
6934
7056
7132
7154
7012
6958
7062
7199
7191
7082
6967
7104
7130
7007
6911
7041
7063
7268
7016
6957
7036
6940
7293
6943
7014
7374
7163
6850
7144
7183
7140
6903
6959
7078
7047
7095
7083
7333
7157
6912
6994
6932
7038
7154
7016
7054
6978
7000
6995
6993
7084
7050
6923
6963
7101
7306
7305
6949
7029
7382
6986
6883
6964
6970
6889
6969
7016
6994
7313
7295
6941
6937
7140
6991
7103
7249
7124
7078
6926
6998
7042
6981
6958
6949
7113
6962
7065
6916
6873
7103
7170
7011
6991
6946
6936
6945
7010
7125
7205
7008
7137
6851
6986
7172
7170
6995
7029
6875
7087
6970
6942
6918
6989
6954
6933
7333
7069
7036
6955
6931
7131
7088
7017
6991
6920
6923
7028
6982
6892
6934
6911
7116
6948
6999
6638
7075
7216
7080
6830
6927
6907
6929
6952
6977
7151
7289
7040
6819
6911
7053
6969
6969
7027
6864
6994
7092
6913
6923
6960
7168
7023
6977
7119
6888
7022
6808
6899
7036
7050
6995
6857
7095
7174
6931
7333
7052
7079
7027
7064
7013
6950
6915
6872
6963
6925
7213
6929
7038
6843
6837
7020
6844
7007
6878
7188
7108
6993
6975
6868
6900
7114
6901
6944
6908
7028
7058
7034
6965
6911
7190
7003
6732
6917
6877
7113
6827
6908
7101
7136
6988
6907
6778
6912
6997
7015
6896
6980
6976
6889
7118
7071
6978
6862
6861
7105
6940
6877
7052
7198
7062
6960
6882
6988
6893
6835
7128
6999
7043
7113
6947
6945
7026
6839
7065
6855
6966
7142
6933
7044
6909
7260
7043
7169
6977
6996
6920
6833
6966
7021
6967
6974
6937
6952
7063
6956
7011
6946
6918
7096
6900
7122
6755
7089
6918
6945
6935
6839
6933
6903
7025
6865
6906
6940
6834
7115
6955
6907
6899
7035
6666
7044
7079
7225
6907
6970
7008
7027
6802
6983
6783
6812
6898
7074
6881
7093
6949
6951
6914
7286
6891
7082
6902
6920
7128
6936
7057
6990
6859
6965
7101
7040
6789
7010
6972
6875
6855
7209
7025
6787
7139
7073
6818
6945
7168
7251
6874
6969
6887
6835
6865
6922
7026
7156
6867
6914
6900
6889
6950
6929
7185
7034
6954
6971
7042
6851
6980
6921
6984
6895
7011
7000
6889
6868
6914
7060
7028
7033
6870
7000
7060
7186
6850
7134
6907
6858
6780
6951
6785
7132
6798
7153
7015
6949
7127
7115
6986
6966
7112
7191
6892
6967
6843
7000
6857
6947
7092
7049
6942
7007
7030
6956
6950
6923
6992
7295
6818
6851
7027
7007
6839
6948
6836
6869
7085
6935
7175
6977
6875
6993
6788
6916
7069
6869
6935
6950
6897
6926
7061
7054
6862
7063
7118
6841
6907
7063
7092
6858
6906
7032
7085
6903
6883
7074
6970
7000
7062
6841
7192
6943
7185
6973
7119
7017
7152
7299
7225
6835
6975
6986
7079
6852
6855
6868
7031
6961
6947
6786
6780
7146
7110
6936
6866
6978
7017
6931
6876
6822
6994
6887
6875
6828
6947
6939
7026
6999
6887
6846
7229
6880
6943
6840
6927
7178
6983
6833
6893
6893
6888
6956
7170
6758
7279
6955
6887
6926
7057
6846
6854
6984
7224
6966
6943
7005
7038
6902
6969
6897
7103
6943
6788
6929
7029
7035
6856
6918
7211
7075
6962
7021
6867
6826
7288
6861
7038
6960
7063
7128
6955
7083
6978
6863
6772
6860
6957
7085
7054
7049
7036
6863
6847
7002
6951
6837
7041
6854
7000
7077
7002
6940
6876
7095
6933
7059
6932
7101
6911
7011
7055
6892
7395
6879
7094
7127
6968
6911
6883
7251
7064
6876
7020
7056
6840
6915
7087
7054
6926
7156
6742
7270
6813
6968
6963
7112
7046
7134
7154
7002
6788
6839
6836
7074
6845
7008
6958
6897
6940
7019
7033
7089
7077
6965
6919
6991
6949
6816
6806
6751
7229
7015
6970
6912
6850
6918
6834
6972
7071
7030
7011
7061
6892
6980
6900
7094
7023
6868
6946
6984
7052
6796
6975
7240
6943
6931
6891
7057
6676
7011
6920
7023
6971
7070
6806
6906
6669
7151
7096
7003
6872
6851
7038
6773
6882
6870
6876
6967
7042
7024
6886
6799
7057
6996
7072
7069
6755
6960
7025
7005
6895
6988
7047
7040
6873
6912
6952
6997
6755
6982
6887
6951
6836
6964
7232
7057
6834
6928
6778
7015
7326
7107
7042
6906
7123
7065
6827
6782
6823
6850
6785
6901
7060
6910
6786
7183
6918
6992
6850
7119
6986
7191
6809
6903
7006
7024
6857
7134
6995
6789
6770
6634
6752
6933
6851
6770
6647
6880
6683
6928
7126
6922
7036
6962
6741
7100
7143
7150
6977
6863
6992
6871
6937
7019
7225
7066
6824
6909
7025
6634
6943
6892
6806
7057
6956
6987
6908
6948
6938
6965
6983
6824
6803
6796
7039
6927
6503
7109
6839
6776
6829
6986
6961
6956
7074
6926
6894
6895
6980
7018
7259
6931
7055
6673
7127
7045
6924
6849
6911
6943
7022
6967
6926
6865
6906
6947
6669
6881
6793
6983
6747
7049
6972
6827
6995
6897
6787
6937
6752
6728
7050
6783
6954
6862
6459
5801
6609
6901
6949
6607
6921
6661
6943
7077
6672
6253
6994
6958
6911
7153
6489
6845
6778
7003
6901
6669
6741
6932
6764
6641
6736
6743
6854
7150
7093
6863
6941
7114
6950
6342
7185
6790
6647
6630
7054
6362
6781
6881
6772
6794
6749
6590
6929
7138
6635
6859
7177
6921
6840
7052
6753
6789
6775
6857
6740
5383
6247
6836
6701
7085
7018
6838
6798
6690
6441
6512
7198
6863
6811
7029
7024
7040
6968
6978
7041
7017
7037
6665
6991
7072
7029
6731
6891
6843
6808
6682
6909
7070
7204
6868
6889
7105
