4769
4312
4159
4117
4290
4186
4143
4222
4193
4242
4245
4261
4270
4140
4091
4131
4269
4188
4156
4100
4396
4285
4567
4390
4176
4247
4113
4127
4238
4119
4200
4165
4316
4133
4246
4175
4362
4346
4119
4129
4095
4128
4583
4163
4158
4095
4338
4421
4437
4126
4221
4162
4124
4127
4118
4168
4117
4067
4122
4098
4257
4112
4158
4264
4262
4332
4129
4115
4342
4078
4176
4153
4098
4107
4048
4231
4131
4096
4054
4113
4082
4119
4118
3966
4140
4083
4253
4205
4135
4101
4163
4319
4164
4415
4305
4131
4121
4172
4121
4100
4129
4185
4094
4192
4018
4092
4144
4186
4178
4106
4082
4263
4317
4148
4099
4107
4070
4232
4267
4090
4061
4156
4137
4128
4099
4128
4105
4281
4275
4258
4243
4142
4253
4193
4141
4090
4193
4099
4262
4317
4209
4098
4051
4071
4067
4299
4183
4097
4253
4195
4151
4225
4250
4229
4090
4061
4135
4059
4143
4103
4277
4102
4102
4037
4282
4111
4130
4069
4038
4024
4053
4077
4030
4019
4032
4101
4058
4098
4087
4127
4147
4283
4063
4120
4048
4065
4073
4151
4053
4051
4055
4070
4031
4048
4128
4146
4084
4050
4040
4053
4083
4135
4034
4040
4089
4120
4131
4081
4061
4114
4059
4181
4116
4194
4033
4133
4034
4302
4270
4084
4125
4215
4193
4151
4016
4067
4147
4158
4280
4268
4004
4060
4077
4067
4108
4109
4447
4142
4113
4119
4229
4039
4038
4057
4113
4051
4035
4103
4239
4098
4135
4209
4273
4135
4242
4127
4047
4073
4063
4041
4119
4132
4070
4084
4036
4231
4276
4113
4259
4231
4180
4106
4096
4131
4205
4162
4131
4037
4134
4082
4148
4261
4059
4039
4094
4125
4122
4041
4054
4227
4104
4067
3998
4056
4014
4099
4019
4125
3997
4036
4037
4086
4075
4059
4074
4052
4098
4083
4085
4168
4064
4121
4058
4266
4174
4062
4182
4277
4078
4205
4209
4066
4034
4231
4105
4033
4111
4060
4058
4114
4096
4097
4079
4024
4078
4019
4026
4074
4091
4109
4103
4060
4020
4071
4047
4096
4029
4053
4244
4063
4118
4111
4058
4048
4066
4033
4005
4099
4033
4182
4029
4042
4122
4157
4023
4248
4082
4038
4082
4070
4096
4063
4085
4064
4141
4244
4275
4051
4173
4244
4140
4208
4049
4001
4074
4119
4136
4090
4084
4068
4074
4179
4114
4108
4069
4095
4031
4088
3963
4056
4045
4150
4103
4096
3989
4143
4063
4088
4131
4159
4046
4053
4117
4059
4221
3957
3857
3840
4217
4083
4102
4137
4106
3966
4071
4045
4094
3846
3947
4045
4081
4139
4143
4167
4015
3966
3994
4112
4104
4199
4195
3911
3938
4269
4086
4090
4198
4095
4031
4121
4079
4034
4044
4226
4064
4008
3957
4077
4081
4095
4250
4274
4159
4075
4067
4034
4028
4043
4259
4137
4206
4222
4088
4049
4109
3885
3181
3798
3906
3798
3919
4070
4132
4027
4017
3848
4170
4089
4112
3947
3963
3843
4210
4099
4038
4088
