7867
6002
6182
6158
6056
5900
6143
6102
6186
5927
6040
6050
6158
6171
6154
6033
6011
5991
6245
5972
5941
5962
6041
6425
6200
6204
6189
6195
6007
5963
6111
5970
6002
6032
6348
6013
6229
5955
6091
6321
6163
6097
5993
6050
6004
5964
6372
5986
5988
5992
6024
6064
6178
6009
6071
6007
6051
6049
5951
5934
5960
6030
6011
6008
6013
6010
5987
5940
6015
5956
5908
6069
6187
5955
5907
5965
5931
5893
5996
5911
5981
6002
5897
6061
5958
6167
6006
6007
5656
6115
5988
5943
5937
5954
5933
5927
6014
6015
6053
5908
6030
6009
6128
6025
6320
6017
6085
6062
5966
6059
6064
6065
6206
5893
5899
5923
5963
5877
5976
5940
5928
5924
5927
5950
5928
5969
5795
5974
6131
6034
5921
6007
5902
5909
5915
5995
5991
6059
5991
5928
5976
5958
5983
5980
5865
6134
5988
5884
5982
5976
6009
5973
5945
5930
5916
5863
5905
5981
5927
6091
5904
5873
5908
5936
5888
5942
5893
5899
5868
5936
5978
5863
5922
5830
5974
5881
5958
5922
6034
6034
5979
5956
5983
5813
5970
6159
5944
5903
5884
5787
5861
5820
5908
6050
5951
6026
5925
5958
5905
5968
5891
5894
5973
5935
5859
5935
5936
5841
5831
5833
5945
5882
5944
5883
6001
5965
5988
5942
6243
5867
5989
5897
5922
5930
5936
6025
5980
6071
5924
5972
5878
5980
5973
6006
5959
6072
5978
6077
5870
5892
5924
5945
6137
5897
6068
5829
6078
5974
6054
5857
5996
5904
5864
5876
5814
5921
5910
5921
5841
6063
5883
5902
5900
6006
5886
5808
5844
5884
5891
5935
5991
5946
5834
5886
5852
5963
5970
5939
5952
5897
5813
5838
5940
5936
6096
5881
6007
5861
5890
5948
5969
5858
5840
5832
5884
5965
5927
5909
5830
5996
5976
5942
5843
5906
5906
6047
5954
5964
5842
5849
5955
5951
5890
6061
5900
5975
5877
5842
6035
5883
5998
5997
5926
5854
5838
5849
6036
5853
5944
6034
5863
6017
5968
5969
5897
5857
5912
6106
5908
5987
5954
5833
5841
5942
5919
5867
5806
5871
5931
6001
5996
5764
5899
5891
5911
5801
5939
5925
5862
5820
5927
5893
5834
5898
5879
5852
5838
5871
5882
5798
6007
5796
6002
5899
5908
5842
5900
5934
5896
5791
5890
5852
5889
5762
5845
5873
5846
5850
5909
5900
5912
5906
5888
5919
5801
5989
5778
5807
5912
5856
5883
5940
5800
5610
5902
5861
6067
5896
5788
5879
5877
5974
5818
5818
5942
5949
5810
5774
5934
5839
5891
5967
5957
5860
5923
5807
5877
5472
4993
5786
5951
5773
5902
5865
5846
5808
5799
5853
5821
5787
6007
5940
5743
5967
5878
5422
5816
5823
5790
5299
5669
5767
5836
5816
5828
5811
6023
5903
5899
5789
5845
5889
5815
5890
5984
5805
5498
5482
6033
5795
5831
5898
6019
5866
5832
5924
5858
5923
