4300
4345
4203
4282
4602
4632
4298
4380
4370
4392
4426
4273
4292
4290
4282
4284
4366
4284
4282
4473
4516
4300
4621
4358
4450
4271
4519
4261
4263
4263
4452
4877
4579
4501
4477
4473
4482
4571
4475
4476
4461
4631
4718
4627
4560
4515
4501
4522
4507
4445
4511
4543
4655
4484
4467
4368
4230
4345
4261
4228
4133
4266
4337
4194
4295
4301
4655
4534
4353
4276
4256
4488
4461
4708
4488
4503
4447
4866
4374
4569
4525
4506
4475
4513
4514
4470
4597
4440
4520
4456
4354
4399
4506
4561
4505
4360
4490
4455
4441
4509
4504
4297
4485
4464
4350
4468
4287
4517
4354
4464
4448
4417
4510
4485
4264
4305
4302
4212
4338
4345
4151
4513
4333
4274
4153
4238
4284
4277
4319
4379
4216
4154
4624
4380
4312
4171
4271
4254
4341
4294
4309
4199
4162
4353
4337
4241
4413
4400
4508
4376
4436
4493
4520
4507
4385
4525
4541
4326
4415
4406
4495
4386
4383
4286
4417
4503
4471
4312
4422
4333
4485
4402
4464
4451
4420
4487
4402
4317
4501
4514
4358
4218
4375
4541
4502
4479
4427
4461
4257
4471
4447
4428
4416
4487
4456
4496
4509
4250
4259
4138
4292
4226
4260
4248
4165
4238
4212
4282
4298
4367
4433
4516
4504
4440
4471
4505
4435
4163
4281
4329
4248
4330
4224
4291
4351
4349
4248
4417
4392
4365
4485
4387
4368
4529
4487
4335
4133
4482
4191
4376
4420
4421
4201
4360
4314
4316
4746
4283
4231
4399
4362
4368
4461
4426
4263
4605
4519
4556
4418
4490
4457
4259
4511
4190
4402
4547
4503
4340
4351
4452
4468
4442
4414
4204
4374
4472
4396
4484
4375
4410
4535
4347
4235
4464
4404
4311
4228
4307
4265
4292
4136
4197
4211
4242
4253
4171
4362
4450
4431
4322
4214
4390
4501
4345
4350
4383
4308
4185
4404
4433
4409
4510
4320
4495
4376
4276
4344
4373
4502
4199
4222
4402
4385
4223
4304
4409
4491
4351
4278
4295
4375
4517
4468
4291
4384
4269
4338
4261
4433
4409
4271
4197
4300
4268
4203
4320
4429
4438
4482
4421
4237
4356
4306
4166
4324
4480
4361
4344
4403
4437
4430
4347
4178
4438
4390
4352
4269
4403
4386
4390
4233
4204
4204
4317
4257
4303
4340
4363
4398
4320
4407
4490
4174
4405
4237
4411
4403
4282
4445
4320
4300
4267
4328
4305
4371
4277
4356
3984
4073
4197
4375
4238
4506
4244
4403
4166
4355
4035
4325
4480
4134
4245
4494
4293
4224
4098
4367
4446
4225
4388
4257
4366
4318
4425
4362
4309
4327
4471
4342
4395
4394
4413
4178
4209
4216
4234
4462
4293
4393
4338
4407
4316
4333
4418
4245
4307
4075
4201
4298
4324
4323
4310
4516
4162
4411
4409
4231
4173
4172
4388
4300
4254
4323
4323
4342
4338
4279
4342
4375
4334
4169
4412
4337
4343
4464
4100
4311
4158
4375
4329
4455
4358
4365
4255
4137
4493
4279
4337
4229
4124
4344
4209
