165887
5283
7075
5263
5269
5396
5452
5162
5160
5215
5296
5289
5228
5196
5134
5093
5232
5549
5229
5092
5923
5256
5145
5546
5401
5341
5470
5487
5433
5428
5415
5235
5516
5398
5385
5487
5464
5352
5423
5287
5301
5436
5469
5325
5496
5368
5465
5257
5264
5109
5102
5581
5141
5533
5367
5381
5552
5444
5212
5170
5342
5484
5206
5269
5361
5884
5674
5550
5428
5329
5256
5345
5283
5271
5274
5459
5364
5403
5379
5220
5247
5561
5361
5438
5394
5294
5378
5510
5490
5474
5485
5437
5491
5516
5406
5896
5625
5530
5353
5240
5639
5444
5351
5463
5355
5527
5314
5307
5414
5343
5431
5560
5509
5405
5462
5265
5291
5436
5551
5404
5431
5398
5417
5447
5287
5413
5484
5432
5426
5416
5391
5428
5363
5359
5396
5250
5380
5482
5804
5383
5562
5290
5549
5450
5390
5488
5387
5347
5366
5554
5311
5427
5393
5279
5239
5179
5369
5358
5565
5496
5388
5357
5513
5250
5415
5252
5516
5407
5338
5424
5468
5388
5449
5497
5473
5403
5940
5169
5370
5593
5305
5525
5475
5458
5456
5408
5398
5384
5457
5367
5384
5243
5502
5462
5475
5751
5560
5392
5411
5197
5351
5379
5446
5285
5391
5338
5297
5409
5460
5304
5433
5348
5415
5432
5372
5482
5318
5386
5313
5165
5231
5212
5462
5201
5133
5172
5255
5366
5348
5223
5341
5183
5334
5277
5173
5096
5346
5259
5425
5390
5382
5339
5451
5183
5295
5268
5189
5360
5387
5378
5327
5080
5393
5311
5180
5257
5308
5301
5276
5429
5422
5428
5366
5359
5379
5296
5354
5455
5404
5345
5352
5272
5379
5353
5452
5828
5292
5411
5369
5385
5346
5274
5294
5417
5402
5258
5261
5356
5195
5424
5333
5216
5215
5529
5402
5300
5217
5441
5370
5260
5337
5347
5497
5268
5428
5330
5462
5342
5453
5354
5351
5440
5405
5392
5333
5304
5385
5315
5332
5292
5440
5184
5167
5274
5294
5445
5323
5226
5414
5430
5080
5401
5377
5369
5209
5358
5327
5317
5173
5331
5367
5336
5418
5294
5306
5265
5348
5279
5425
5365
5268
5374
5280
5299
5343
5349
5355
5307
5412
5365
5104
5207
5418
5404
5410
5395
5486
5303
5348
5450
5375
5487
10502
5781
5327
5477
5131
5370
5290
5236
5117
5258
5148
5145
5188
5106
5313
5198
5145
5236
5156
5225
5257
5354
5135
5435
5425
5227
5229
5391
5195
5151
5105
5264
5349
5162
5259
5222
5420
5097
5346
5240
5493
5011
5253
5216
5210
5284
5291
5275
5475
5336
5362
5328
5353
5434
5212
5251
5308
5307
5286
5354
5307
5380
5432
5415
5372
5182
5361
5364
5349
5368
5429
5283
5247
5323
5301
5377
5460
5257
5073
5459
5148
5174
5370
5305
5413
5157
5364
5159
5109
5270
5240
5191
5314
5258
5237
5208
5208
5278
5192
5264
5417
5368
5365
5419
5142
5338
5341
5343
5336
5299
5050
5092
5103
5055
5185
5143
5033
5185
5230
5242
5424
5303
5182
4964
5066
5083
5344
5335
5274
5446
5189
5321
5302
5537
5429
5325
5358
5433
5226
5338
5328
5391
5297
5244
5460
5314
5339
5213
5376
5212
5171
5387
5338
5259
5287
5369
5251
5414
5277
5412
5391
5119
5255
5322
5396
5367
5330
5252
5406
5290
5249
5518
5239
5406
5139
5411
5288
5118
5001
5284
5345
5170
5232
5386
5359
5328
5454
5240
5318
5203
5164
5386
5330
5342
5264
5277
5316
5425
5336
5316
5417
5364
5258
5407
5247
5319
5325
5218
5239
5399
5426
5383
5216
5272
5244
5390
5384
5190
5344
5387
5333
5168
5204
5263
5153
5222
5225
5316
5361
5092
5301
5242
5217
5263
5265
5213
5155
5267
5142
5172
5338
5188
5150
5411
5404
5367
5225
5444
5180
5307
5173
5293
5319
5330
5352
5349
5309
5524
5249
5324
5250
5228
5443
5272
5185
5227
5385
5185
5361
5360
5297
5203
5329
5452
5483
5304
5213
5363
5127
5394
5218
5290
5302
5237
5274
5466
5284
5331
5355
5312
5269
5351
5377
5243
5437
5245
5383
5321
5516
5332
5346
5324
5185
5250
5388
5336
5242
5457
5529
5379
5313
5353
5321
5430
5067
5293
5510
5294
5156
5130
5295
5212
5306
5268
5267
5312
5461
5276
5361
5205
5291
5144
5334
5374
5280
5381
5095
5163
5210
5171
5331
5192
5456
5370
5032
5223
5332
5237
5243
5167
5122
5208
5281
5217
5186
5168
5145
5296
5216
5383
5183
5161
5244
5436
5237
5209
5221
5149
5239
5207
5345
5221
5081
5246
5311
5195
5101
5250
5396
5222
5271
5095
5299
5240
5236
5324
5195
5304
5392
5322
5327
5357
5342
5193
5231
5135
5392
5359
5231
5134
5311
5302
5173
5312
5354
5267
5226
5282
5350
5176
5250
5116
5303
5233
5393
5385
5330
5414
5361
5393
5072
5315
5260
5024
5313
5330
5017
5226
5285
5344
5089
5212
5291
5102
5181
5372
5212
5162
5172
5167
5167
5171
5347
5175
4541
5410
4976
5366
5258
5335
5218
5111
5399
5240
5375
5373
4689
4843
4479
4844
5191
5311
5200
5308
5173
5126
5246
5245
5185
5305
5263
5191
4386
5132
5334
5258
4921
5381
5199
5174
5121
5294
5026
5048
5273
5178
5245
5234
5117
5240
5363
5090
5295
5336
5273
5272
5303
5448
5250
5043
4946
4866
5114
5236
5343
4978
5325
5386
5228
5138
5036
5158
5104
5351
5131
5312
5160
5333
5043
5225
5124
5255
5053
5323
5176
5253
5142
5193
5163
5192
5197
5246
5411
5290
5240
5141
5276
5268
4968
5022
3734
5085
4831
4971
5185
5141
5310
5079
5307
5222
5051
5071
5272
5248
5413
4936
5249
5120
5052
5174
5148
5220
5330
5168
5146
5185
5396
5357
5403
5110
5135
5210
5340
5147
5160
5069
5170
4966
5177
4845
5371
5194
5383
5334
5421
5308
4953
5268
5184
5188
3912
4377
5117
4893
5257
5277
5042
5234
4217
5172
5162
5154
5211
5286
5080
5342
5192
5344
5084
5309
5234
5195
5275
5254
5359
5338
5289
5106
