6113
5137
5181
5139
5212
5885
5121
5061
5220
5034
5247
5210
5129
5002
4929
5050
5199
5041
5092
4964
4974
5331
5269
5212
5281
5270
5138
5247
5430
5198
5163
5037
5257
5090
5265
5035
5121
5025
5059
5156
5143
5173
5076
5084
5091
5155
5067
5094
5212
5236
5290
5121
5203
5184
5109
5094
5161
5052
5046
5346
5098
5272
5031
5005
4950
5059
5478
5147
5096
5134
5136
4969
5110
5246
5037
5056
5276
5115
5053
5010
5130
5092
5035
5464
5274
5102
5088
5275
4948
5670
5012
5135
5045
5316
5085
5100
5041
5329
5095
5165
4985
5127
5111
5180
5015
4947
5242
5111
5185
5093
4972
5199
5073
5196
5018
5110
5015
5119
5032
5340
5088
5001
5115
5023
5075
5105
5052
5125
5042
4973
5017
5047
5050
5037
4968
5244
5185
5040
5068
4955
5045
5200
4963
5042
5050
10662
5115
5369
5042
4999
5014
5052
5054
5099
5207
5051
5036
5065
5193
5035
5200
5049
5053
5063
5045
4898
5646
5050
5242
4959
5073
5117
5202
5197
4997
5105
5057
5002
5324
5099
5094
5017
5147
5057
5018
4984
5171
5203
5144
5030
5308
4961
5012
5015
5038
5104
4962
4891
5063
4971
4970
5063
5029
4992
4992
5186
5162
5070
5023
5008
5059
5051
5024
5186
5042
5050
5185
5046
4984
5078
5097
5041
4967
5112
5211
4997
4947
5046
5147
5056
5178
4929
4988
4983
5017
5080
5152
5053
5143
4982
5057
5185
4960
5039
5137
5164
5029
5325
5181
5023
4985
5068
5068
5105
5039
5006
5014
5049
5053
5032
5198
5028
5141
5011
5045
5028
5096
4988
5033
5086
4909
5015
4873
5036
5152
5014
5054
4954
5013
5185
5172
5165
5117
5075
5112
4882
5221
5086
5028
5069
5079
4984
5059
5025
4957
5045
5001
5213
5012
4981
5038
4944
5199
4968
4907
5042
4985
5039
5008
5010
5102
5023
5037
4976
5041
5021
4979
5016
5163
5018
4995
5056
5049
4944
5003
4988
5156
5055
5033
4980
4941
5082
4893
4955
4964
4989
5128
5074
5074
5000
4983
4986
4898
5027
5007
4957
5074
5033
5158
4887
4968
5065
5061
5078
4985
5163
5071
4978
5010
4908
5154
4955
4968
4948
5018
5491
5074
5106
5111
5065
4991
4994
5013
5112
5007
5051
5025
5107
5007
5036
5075
5005
5073
5002
4985
5143
5009
4924
5078
4954
4954
5192
5211
5237
5004
5180
4999
4936
5083
4961
5087
5050
4985
5165
5134
5020
5099
5019
5059
5058
5129
4944
5031
5004
5017
5029
5015
5165
5113
4970
5043
5095
5123
5033
4940
5095
5166
4990
5032
5062
4903
5174
5077
4974
4949
5064
4884
4953
4942
5148
5114
4975
4932
4976
4971
5082
4925
4987
4980
5164
4940
4951
4982
5042
4922
4908
4945
5000
5192
5000
4999
4972
4997
5042
4977
4986
4961
5185
4953
4993
5063
5152
5060
4978
5141
5145
5080
5011
5125
4918
5050
5163
4988
5107
5124
5179
5179
5069
5147
5180
5025
5030
5029
4986
5149
5087
5170
4917
4941
5157
5009
5094
4989
4930
4959
5113
5029
5069
5013
4984
5009
5167
5154
5050
5174
5078
5124
5020
5101
4991
5041
5105
4924
5215
5155
5124
5051
4845
4950
5033
4909
4961
5090
5069
5091
5240
4975
5061
5129
5075
4987
4988
5072
5051
5128
5066
5016
4975
5037
5164
5134
5013
4977
5015
4963
4998
4954
5076
5056
4974
4967
4936
4927
5196
4898
5112
4994
5007
5016
5160
5039
4983
4969
5048
5090
5069
5162
4945
4996
5120
5069
5021
5073
5068
5036
4914
5094
5155
4945
4973
4960
5159
5027
4966
4948
5099
4998
4981
4995
5003
5126
4960
5097
4932
5055
4955
5104
5043
5122
4975
4959
4963
5088
5056
4949
4952
5066
4951
4974
4974
5175
4983
5126
5041
4972
4939
4983
5062
5065
4996
5122
5005
5182
4977
5108
5063
4952
5150
5026
5141
4997
4961
4951
4932
5037
5000
5052
4953
5044
5044
5038
5109
4987
5095
5052
5065
5093
4993
4968
5111
5200
5089
4985
5080
4959
5121
5232
5095
5056
5036
5094
5108
5109
4987
5022
5032
5258
5097
5105
5115
5226
5160
5076
5000
5102
5190
4975
4999
5119
5013
4944
5011
4977
4925
5174
5229
4998
5093
4907
5270
4956
5115
5101
5119
5152
4908
4947
5087
4984
4958
5119
5075
4902
4920
5001
4986
4893
4953
5077
5158
4933
4911
4944
5032
4978
5175
4952
5129
5025
5168
5033
5112
5105
5080
4938
5136
5065
5015
4916
5027
4794
4971
5020
4944
5018
5185
5134
5005
4951
5178
5034
5005
4912
5023
4963
5015
5102
4964
4993
4970
5050
5130
5017
5014
5110
5135
5136
4845
4949
4870
4961
4932
5065
4976
4983
5037
5019
5181
4961
5034
4996
4936
4943
4996
5127
4852
5026
5026
5044
4956
4948
5086
4956
4917
4881
4996
4997
5038
4886
5070
5016
5114
4979
5022
4890
5067
4924
5134
4920
4884
4950
4891
4934
5005
5160
4924
4905
4997
4924
4490
4846
4994
5063
4607
4656
5025
5027
4851
4804
5005
4919
4810
5048
4925
4722
5001
5181
5002
5142
4988
5030
4920
4985
5043
5006
4993
4980
5041
4821
5132
5193
4769
4382
4935
4978
5025
4893
4960
4855
5003
5036
4996
4994
4956
5004
5142
5069
4911
4931
5013
5014
5104
5159
4827
5025
4734
5124
5010
4921
5033
5183
4824
4919
4999
5088
4867
4924
4897
5038
4922
4947
5049
4949
4765
4901
4940
4983
4891
5201
4889
4945
4970
4933
4900
5105
4829
4757
5059
4859
4849
4881
5029
4943
4932
5103
4973
5091
4948
3863
5030
4405
5070
4875
4764
4923
4841
5100
4770
4940
4964
5160
4934
4904
3546
4848
4259
4983
4744
5026
4975
5061
4945
5034
4945
4961
5026
5009
4954
4932
4823
5008
4925
5015
3843
5027
4955
5073
4874
4994
5119
5197
4894
4997
4967
4758
4871
4867
4876
5137
5012
4811
5125
4493
4608
5024
4917
4341
5003
4729
5028
4908
4989
4956
4936
5026
4999
5044
5019
5093
4838
