65172
71977
56675
57686
53072
56618
52922
56582
57856
56611
57766
57860
56277
50475
57908
56530
57929
56541
57837
56379
58003
56235
74409
56528
57739
58813
57669
56627
69642
66111
69881
65207
58827
57820
56602
57874
56345
57881
56962
69788
64763
57597
56656
57670
59399
56569
52924
78412
69734
56429
94751
57681
56758
72358
53100
56151
52924
57940
69675
56519
57657
57869
56420
78081
56722
56541
54953
55075
51610
56299
53268
56307
54909
54932
56268
54958
71833
58322
54663
54710
54832
134067
101217
54619
54798
54696
56077
71662
55932
54671
54667
56072
54739
54834
54688
56036
54995
54723
67958
54761
56529
55267
55232
50520
55388
55664
55471
56994
52146
55534
56982
55565
55377
55518
57019
55404
56961
55590
57186
57095
55432
55517
55434
57053
55474
57006
50634
52280
56959
83867
56996
55445
55575
56946
57211
55249
56570
55496
55308
56838
51864
55274
55472
56508
55323
55286
55197
56572
55479
57039
56766
55556
55237
56629
55175
55296
55193
56831
55354
55385
56947
68521
63275
55198
57600
56770
68783
55420
55566
56974
55543
55770
56947
55380
55561
56830
50747
56841
55702
57200
57059
63747
55367
56830
55365
55677
56756
188937
55684
56832
55593
68563
55731
56754
49111
63776
56628
55564
55237
56740
55566
72183
55495
68485
55574
55503
56819
55590
55724
58842
55733
55544
56847
55498
55516
55547
56784
55538
55498
52082
55843
57146
55447
55562
58782
56073
57210
67706
57258
55715
55730
57102
55788
55763
57317
52278
51069
52303
52377
52368
57545
56976
55927
55992
57336
55837
57174
55745
55846
55597
57092
55824
55632
57144
55912
49259
52026
55587
56832
55470
54718
55796
55903
57102
55689
56804
55566
55512
55492
58581
55579
55445
55107
55704
57059
66972
55540
56994
80586
51614
55485
55515
56907
55816
52327
51949
55990
57218
55761
55915
55623
57284
55912
69035
57288
55776
55740
57438
57251
67582
57313
56213
57093
56172
55832
68968
56046
57444
56087
57258
55729
55942
55945
50798
52250
55698
55605
57200
56008
55512
57036
55620
55666
57203
55618
55702
55644
58698
55914
55620
57316
67523
56936
68875
55905
55943
56985
55689
55583
55623
57240
55412
55937
50615
55952
56023
57224
56073
55838
57222
56129
55883
57445
55858
68889
56098
57474
56018
56100
58786
55839
55982
57348
55845
52421
105508
56013
55960
57180
56100
57384
55907
55876
57659
56971
55938
55660
57287
55523
55669
69112
57293
55661
55909
56980
55677
55860
56996
55911
49057
56994
55946
55556
57257
55595
55746
57265
51731
51841
61163
51501
51828
52893
51543
51729
63431
51774
56675
51812
51998
53337
60109
51786
52990
51848
51803
53361
60084
51712
54885
51773
51794
53310
60066
51783
51758
53216
51719
52155
144721
51795
93059
56650
51915
63272
51532
51790
52802
51950
51813
60977
51518
51503
51600
52828
51822
59867
51582
94407
53064
51606
51585
51497
52974
51436
64976
98122
54829
53123
59812
51619
51572
52884
53642
65283
56359
51849
52013
53256
51564
52084
61364
51912
92905
51925
53226
51652
53550
51834
53143
52004
60126
56472
51688
56735
53303
51979
60245
52984
51915
60011
53363
70280
51612
53076
51540
66199
66090
67479
77809
67457
58085
66078
137783
63013
66232
59273
49834
52793
77873
51110
66111
66173
67432
66172
66159
66090
54498
66215
99134
67515
66167
68203
66348
67675
66347
66426
54739
66352
100828
66386
66390
66390
67668
66398
66382
68146
67631
66355
66405
67772
66325
54762
66399
58317
75986
74766
74780
51118
93422
97787
69412
58115
66179
67438
66101
66212
66119
54606
79081
49679
75868
61591
67292
58064
76256
75990
74366
74452
79184
58064
51073
74559
74377
74534
51015
74497
74538
74486
79154
86526
74634
66367
51270
66442
91158
49892
67581
66388
79463
83273
71556
66400
51267
66386
60200
65532
75240
78496
149225
111925
57303
58492
65586
75314
107091
58505
98936
66999
112042
110589
100144
57226
58612
67452
149833
82404
99999
98750
69979
57044
108333
57208
58261
65334
108467
65357
57118
66702
57062
70061
91742
67101
108348
148642
57086
58339
65411
108400
57037
58496
110279
108405
56944
58388
107026
75117
65423
106884
58448
65396
72197
58464
65613
141870
82390
150106
73923
158487
65583
111980
57199
108484
57254
66956
98924
58503
98834
58579
67324
98892
75223
65635
108453
65597
75215
73823
58687
57277
58526
115567
95123
57185
58500
65558
87204
66874
107262
100578
66694
106976
108446
148634
58391
64802
64940
66248
114862
66196
106341
74669
73129
77947
64936
107792
73308
76246
73199
66191
106505
64837
66316
56757
66260
148085
74536
64835
107916
64853
66190
56734
66399
64747
65002
66128
116895
78145
116270
73325
74762
65001
65115
66397
58283
115016
65057
66394
64960
66483
73325
66425
65066
66384
65104
68247
64900
115006
74682
115153
78070
66238
98737
149633
90235
107932
65040
66410
56990
66304
65031
66482
81844
74799
106706
134774
64852
66250
114829
66192
64888
64885
102556
116247
64864
64947
136460
66137
56891
66095
64875
66253
81928
74385
79704
119575
81839
66077
156510
64883
74521
64863
66176
57901
79772
83448
70229
71399
54711
70178
71446
95117
71309
54754
70094
54687
71471
78595
83331
71532
56549
70109
71551
96423
78310
80043
111651
96291
87902
70223
84845
70072
54656
70143
79850
71495
53365
73167
71478
145000
79795
79850
83370
70195
54670
70175
71528
54610
111818
79779
79780
133226
70200
79824
126912
66657
79673
70210
54655
113118
78563
79732
71553
53365
113145
108491
78574
79749
71578
70160
97977
71490
53427
71390
70149
96253
79841
200172
95078
79760
79796
78497
71472
54674
70202
66456
71620
98214
95264
71670
111733
71430
71633
70083
87915
96258
120101
96284
121460
83395
70104
96361
70154
98243
83611
68504
73355
55358
73417
73401
72156
98609
55213
81881
80618
114749
73431
56647
72086
110252
75161
73518
96926
85404
56615
115200
71997
81817
113699
73448
73368
55383
73407
115146
72102
85325
56649
75167
72187
56594
73426
93499
55307
73470
98234
96978
56504
73613
113715
73403
68532
56633
73508
55243
73383
72158
91768
110115
73617
56567
97296
127007
56506
73505
96887
73462
56593
113691
73681
71935
56545
73489
85242
95414
73533
55228
73429
72109
89904
98229
98275
55343
144660
72171
98536
72152
81858
135122
81693
55247
75375
123378
130407
123419
97301
98298
81743
55117
115167
72091
56661
