2518
2383
2452
2369
2390
2502
2366
2347
2383
2368
2578
2381
2385
2456
2383
2363
2376
2392
2380
2352
2360
2380
2450
2350
2347
2353
2381
2448
2431
2347
2388
2366
2472
2440
2365
2386
2356
2428
2398
2361
2435
2401
2301
2362
2359
2352
2339
2432
2381
2345
2394
2436
2392
2421
2417
2359
2438
2420
2388
2323
2358
2314
2346
2401
2434
2447
2467
2426
2364
2385
2425
2401
2492
2344
2448
2410
2442
2325
2405
2405
2369
2339
2433
2386
2411
2358
2405
2335
2340
2437
2463
2348
2436
2373
2384
2393
2391
2389
2441
2338
2345
2414
2409
2427
2367
2401
2320
2324
2384
2391
2329
2433
2360
2409
2363
2396
2378
2348
2390
2330
2409
2416
2419
2409
2355
2411
2396
2338
2411
2409
2471
2429
2394
2430
2421
2346
2442
2404
2499
2380
2406
2462
2399
2434
2364
2399
2432
2371
2440
2283
2336
2429
2403
2324
2378
2309
2423
2399
2392
2389
2415
2319
2419
2347
2337
2361
2359
2332
2353
2344
2399
2340
2358
2339
2210
2458
2345
2336
2421
2427
2398
2407
2337
2321
2421
2419
2349
2410
2347
2409
2350
2425
2346
2398
2347
2397
2373
2337
2325
2418
2389
2322
2333
2312
2415
2341
2303
2397
2340
2437
2355
2343
2356
2323
2318
2421
2319
2410
2243
2417
2348
2330
2332
2430
2324
2332
2402
2388
2315
2386
2413
2355
2395
2333
2403
2334
2384
2370
2368
2420
2335
2420
2443
2310
2433
2313
2317
2444
2361
2356
2366
2343
2350
2395
2363
2334
2385
2431
2329
2410
2338
2415
2338
2350
2346
2407
2412
2358
2308
2359
2308
2379
2371
2351
2327
2357
2340
2439
2373
2353
2391
2410
2328
2375
2397
2407
2368
2414
2376
2397
2398
2382
2368
2369
2343
2405
2337
2352
2342
2354
2302
2422
2343
2330
2345
2374
2318
2285
2331
2306
2369
2414
2317
2445
2332
2298
2299
2366
2372
2385
2336
2414
2363
2368
2367
2381
2354
2425
2325
2418
2344
2397
2364
2363
2353
2392
2353
2405
2371
2340
2351
2377
2320
2358
2323
2279
2405
2423
2343
2332
2350
2316
2324
2303
2287
2344
2312
2364
2319
2296
2314
2316
2318
2280
2284
2329
2302
2317
2331
2320
2326
2259
2293
2327
2381
2351
2318
2340
2320
2313
2340
2275
2312
2308
2281
2314
2321
2310
2259
2333
2329
2313
2315
2357
2320
2314
2304
2338
2339
2351
2329
2314
2260
2307
2292
2333
2301
2325
2302
2322
2304
2305
2286
2331
2294
2292
2356
2318
2331
2332
2280
2361
2405
2342
2313
2325
2298
2317
2323
2249
2290
2332
2317
2342
2402
2280
2253
2298
2290
2355
2300
2317
2319
2313
2288
2334
2328
2311
2335
2318
2280
2318
2328
2299
2363
2326
2318
2331
2294
2328
2275
2296
2285
2339
2383
2320
2320
2351
2300
2274
2350
2262
2290
2351
2342
2344
2300
2312
2313
2321
2310
2310
2398
2325
2324
2238
2323
2307
2325
2312
2310
2297
2295
2331
2328
2305
2325
2319
2294
2324
2320
2337
2286
2310
2282
