3882
2441
2416
2457
2376
2393
2399
2381
2334
2310
2357
2427
2470
2430
2399
2396
2420
2426
2407
2381
2485
2454
2477
2368
2366
2401
2295
2462
2435
2302
2359
2373
2403
2358
2315
2431
2322
2371
2362
2473
2400
2406
2443
2355
2314
2335
2392
2303
2371
2362
2418
2388
2349
2296
2443
2401
2432
2394
2402
2390
2404
2372
2400
2413
2378
2356
2335
2441
2413
2310
2291
2327
2391
2321
2402
2431
2293
2357
2326
2387
2346
2315
2362
2411
2417
2403
2365
2431
2394
2452
2393
2494
2435
2346
2465
2420
2574
2431
2363
2398
2353
2325
2412
2335
2316
2398
2333
2415
2402
2407
2294
2334
2323
2405
2310
2410
2345
2311
2401
2318
2312
2340
2400
2303
2409
2335
2397
2394
2413
2400
2325
2409
2401
2392
2367
2406
2318
2313
2311
2424
2379
2314
2307
2409
2362
2376
2348
2385
2316
2332
2388
2306
2289
2408
2310
2400
2292
2316
2299
2341
2310
2315
2329
2391
2308
2315
2307
2421
2381
2390
2301
2335
2335
2383
2320
2334
2381
2337
2333
2387
2387
2327
2379
2333
2330
2374
2377
2334
2366
2324
2366
2331
2378
2405
2310
2323
2339
2333
2328
2285
2300
2411
2317
2312
2340
2311
2394
2319
2324
2388
2342
2384
2336
2312
2327
2409
2312
2221
2382
2330
2336
2371
2396
2332
2316
2385
2312
2305
2406
2359
2285
2310
2369
2332
2486
2360
2327
2271
2295
2384
2342
2305
2320
2313
2298
2324
2316
2296
2289
2305
2287
2356
2296
2305
2306
2417
2338
2352
2375
2421
2301
2319
2325
2330
2312
2313
2362
2345
2355
2369
2318
2314
2341
2326
2396
2324
2327
2324
2309
2317
2337
2329
2327
2300
2328
2416
2308
2326
2272
2334
2367
2331
2329
2325
2352
2329
2355
2360
2340
2314
2274
2334
2300
2314
2353
2339
2352
2273
2341
2335
2285
2391
2320
2317
2356
2362
2348
2290
2329
2361
2333
2331
2338
2371
2308
2364
2388
2303
2292
2307
2326
2344
2343
2369
2379
2357
2317
2290
2371
2289
2272
2270
2254
2272
2284
2285
2263
2359
2243
2390
2343
2296
2306
2307
2278
2300
2313
2240
2272
2306
2294
2219
2269
2309
2294
2283
2291
2301
2354
2302
2261
2308
2276
2295
2332
2318
2264
2286
2271
2273
2284
2348
2354
2308
2294
2290
2262
2293
2294
2290
2261
2256
2272
2298
2282
2252
2294
2295
2302
2277
2274
2316
2294
2311
2219
2263
2278
2231
2240
2276
2249
2284
2265
2276
2277
2270
2400
2286
2313
2228
2309
2351
2276
2306
2309
2311
2268
2348
2277
2289
2274
2302
2266
2239
2280
2282
2293
2285
2289
2318
2252
2258
2305
2304
2283
2291
2294
2300
2268
2282
2242
2371
2313
2273
2281
2249
2274
2293
2311
2286
2293
2249
2222
2278
2230
2300
2300
2281
2280
2296
2280
2269
2276
2285
2296
2304
2267
2281
2299
2275
2237
2281
2374
2291
