6205
6022
6023
5917
6023
5984
5854
5886
5859
5851
6040
6103
6043
6016
5984
5987
6000
5948
5958
6244
6165
6104
6009
5887
5946
5843
6058
5951
5884
5931
5906
5974
5913
5850
6010
5900
5972
5929
6302
6044
6020
6259
6071
5996
5882
5967
5878
5939
5954
5962
5912
5871
5853
5982
6019
6010
5929
6003
5980
5983
5891
5965
5919
5882
5899
5853
6077
5942
5872
5813
5895
5970
5858
5964
6000
5825
5895
5846
5930
5891
5839
5906
5920
5909
5893
6009
5982
5902
6205
6024
6295
6101
6086
6128
6029
6184
5968
5926
5899
5845
6013
5957
5872
5890
5906
5878
5910
5946
5858
5822
5814
5891
5972
5823
5945
5881
5907
5954
5870
5807
5874
6000
5844
5914
5884
5959
5927
5944
5894
5890
5951
5903
5920
5971
5949
5819
5837
5856
5970
5920
5846
5850
5916
5928
5865
5858
5907
5822
5973
5906
5843
5747
5945
5852
5938
5822
5847
5837
5842
5848
5819
5847
6080
5838
5829
5741
5949
5929
5927
5814
5906
5888
5896
5807
5861
5869
5834
5840
5931
5955
5858
5916
5848
5859
5925
5914
5831
5923
5924
5954
5813
5938
5916
5855
5798
5867
5894
5880
5819
5815
5934
5792
5831
5847
5866
5909
5821
5844
5880
5855
5944
6026
5782
5877
5926
5770
5690
5922
5782
5842
5835
5875
5884
5826
5929
5789
5842
5907
5910
5811
5864
5827
5989
6232
5940
5876
5836
5868
5911
5824
5862
5968
5844
5807
5880
5821
5745
5811
5802
5753
5876
5927
5796
5812
5889
5844
5878
5865
6287
5852
5890
5867
5951
6067
5825
5892
5825
5977
5840
5898
5801
5874
5808
5890
5873
5910
5855
5845
5792
5841
5845
5794
5846
5811
5960
5772
5840
5782
5840
5898
5825
5788
5807
5858
5820
5854
5816
5853
5907
5771
5809
5965
5767
5845
6006
5878
5744
5898
5806
5801
5866
5850
5793
5870
5995
5856
5772
5810
5896
5837
5841
5865
5851
5820
5912
5884
5825
5841
5811
5837
5803
6045
5878
5853
5892
5809
5781
5866
5832
5927
5906
5781
5777
5759
5722
5720
5823
5705
5931
5856
5812
5782
5889
5766
5793
5779
5769
5743
5988
5811
5751
5736
5767
5963
5726
5818
5968
5823
5816
5771
5803
5924
5760
5815
5795
5746
5751
5746
5804
5730
5860
5999
5838
5856
5766
5706
5731
5734
5779
5834
5702
5708
5748
5791
5808
5826
5768
5786
5789
5787
5824
5795
5761
5674
5757
5740
5707
5732
5757
5753
5822
5746
5840
5752
5789
5909
5784
5774
5760
5824
5849
5766
5848
5808
5785
5712
5831
5781
5793
5826
5774
5764
5724
5780
5790
5748
5783
5841
5872
5787
5708
5885
5825
5757
5714
5769
5772
5814
5781
5742
5921
5699
5719
5759
5704
5746
5792
5850
5776
5589
5784
5687
5912
5701
5769
5765
5764
5928
5761
5790
5751
5786
5809
5796
5740
5748
5846
5755
5792
5736
5772
5864
5793
