7832
6278
6052
5972
5845
5947
6270
5949
5862
5977
5990
6145
5975
5929
6034
5931
5869
5980
5913
6018
5943
6069
5862
5976
5886
5999
5931
5903
5986
5953
5872
5969
5968
6288
6226
6132
5920
5895
5947
5887
5931
6011
6041
5815
5975
5923
5992
5931
5970
5840
5925
5897
5994
5916
5947
5946
5899
5934
5958
5919
5838
5943
5811
5948
5950
6104
6272
6288
5935
5952
5972
6023
5955
6267
6074
6338
6041
6002
5923
6000
5959
5910
5846
5960
5915
5993
5864
5938
5915
5947
5991
6187
5901
5967
5912
5877
5900
5883
5895
5987
6005
5860
5921
5927
5969
5851
5896
5821
5901
5887
5871
5897
5931
5911
5946
5835
5935
5905
5883
5835
5868
5908
5916
5907
5919
5877
5933
5915
5832
5902
5927
5984
6005
5875
5923
6142
5820
5933
5989
6225
6030
6030
5988
5962
6011
5895
5932
6063
5929
6004
5834
5843
6003
5956
5880
5882
5883
5946
5946
5922
5906
5933
5831
5982
5840
5809
5878
5912
5823
5907
5839
5966
5899
5887
5843
5728
6037
5861
5837
5962
5965
5941
5890
5812
5777
5902
5920
5888
5882
5869
5908
5907
5902
5856
5917
5871
5920
5911
5801
5832
5947
5930
5896
5836
5754
5923
5840
5785
5896
5856
6154
5911
5881
5912
5849
5893
5850
5866
5928
5787
5935
5877
5917
5880
5902
5769
5796
5916
5839
5852
5879
5891
5856
5884
5837
5920
5883
5878
5908
5865
5878
5900
5866
5919
5906
5938
5822
5813
5950
5818
5846
5833
5796
5834
5911
5848
5827
5868
5955
5888
6068
5917
5911
5843
5833
5908
5887
5945
5819
5798
5887
5791
5849
5879
5851
5869
5809
5825
6104
5909
5888
5936
5966
5861
5858
5936
5924
5891
5920
5838
5927
5864
5883
5876
5857
5824
5906
5826
5855
5822
5844
5802
5976
5790
5839
5827
5856
5841
5777
5773
5792
5826
5898
5799
5963
5868
5781
5770
5812
5841
5871
5861
5940
5884
5793
5871
5888
5820
5920
5833
5978
5810
5882
5914
5876
5918
5859
5884
5830
5832
5835
5858
5833
5855
5836
5812
5791
5942
5924
5837
5854
5890
5776
5778
5780
5772
5849
5810
5875
5762
5770
5762
5754
5775
5766
5924
5787
5765
5793
5796
5821
5810
5742
5811
5837
5834
5870
5775
5817
5884
5855
5947
5810
5811
5795
5791
5800
5789
5858
5701
5764
5806
5848
5805
5872
5835
5809
5786
5818
5797
5804
5845
5828
5867
5881
5807
5849
5799
5857
5776
5807
5748
5841
5775
5793
5910
5692
5791
5841
5818
5797
5727
5796
5881
5783
5794
5797
5785
5836
5969
5901
5765
5927
5832
5866
5898
5786
5808
5848
5768
5926
5801
5820
5879
5872
5744
5830
5814
5819
5926
5839
5776
5751
5803
5823
5816
5889
5855
5794
5774
5761
5739
5687
5713
5770
5882
5970
5816
5799
5810
5739
5851
5750
5824
6067
5809
5863
5788
5808
5879
5780
5854
5806
5841
5803
5749
5746
5784
5797
5769
5809
5822
5740
5766
5780
5840
5773
5793
5776
5786
5839
5862
5803
5775
5834
5782
