1005
603
599
606
602
587
840
606
605
602
619
577
602
589
619
579
604
586
583
574
595
598
599
582
605
593
615
592
599
594
576
590
575
595
576
585
600
591
622
595
611
573
597
591
600
596
561
622
602
618
604
592
591
579
600
566
600
561
608
591
594
585
588
575
578
595
633
562
609
565
588
585
583
591
556
580
593
591
593
586
582
602
603
573
589
595
583
592
637
580
559
593
598
495
617
594
597
554
595
542
773
602
586
549
592
589
592
559
566
595
598
597
607
600
597
587
745
586
591
608
612
595
593
595
574
567
575
578
562
579
586
592
558
560
537
524
577
593
586
571
562
586
582
561
575
568
571
582
565
572
584
582
583
581
575
687
588
565
585
584
588
573
568
584
591
582
583
583
587
584
577
590
587
556
580
565
577
582
581
603
600
557
580
582
574
588
592
581
589
521
629
560
595
582
591
574
588
580
553
588
594
562
595
560
592
563
600
570
577
556
558
582
553
607
617
581
587
577
581
555
586
574
578
590
626
582
595
564
551
582
571
550
551
574
583
572
589
586
572
554
586
592
562
568
600
610
605
606
577
561
582
568
568
553
553
580
569
600
589
556
588
554
586
584
619
587
591
594
629
608
613
559
590
584
578
564
584
579
562
581
581
587
580
588
585
560
583
582
575
558
562
571
579
582
587
585
583
589
581
562
567
585
562
578
555
577
605
583
591
580
580
585
540
553
558
570
586
575
600
536
579
587
551
567
566
598
587
585
602
580
582
594
564
577
563
585
623
598
612
607
614
611
633
611
569
615
587
600
613
586
610
592
540
539
576
600
573
568
585
580
582
569
586
568
588
559
579
568
552
573
558
537
553
556
590
579
588
574
586
601
550
579
565
575
576
583
542
580
579
577
556
572
570
572
572
581
572
582
571
584
558
597
570
563
558
573
560
555
560
563
579
583
581
568
561
561
563
543
582
558
570
578
567
586
581
576
584
582
586
566
560
552
593
576
546
563
560
582
577
562
553
580
583
575
567
553
577
546
554
557
563
580
570
577
556
578
578
595
591
593
583
571
554
580
584
570
587
567
555
527
581
561
555
556
555
524
559
586
584
579
556
547
575
556
545
574
539
552
556
552
579
576
556
555
581
558
559
574
573
533
555
553
609
585
588
532
559
553
576
572
584
548
