814
586
618
594
598
576
594
611
589
678
561
595
596
593
584
602
621
575
597
611
591
567
607
617
585
618
570
601
602
623
623
604
585
599
586
609
576
611
599
593
582
592
580
592
600
573
593
615
616
574
607
566
592
592
583
598
626
607
575
591
566
603
591
588
571
584
588
575
595
575
593
582
590
563
571
584
556
617
615
563
587
592
590
581
588
569
587
569
564
595
600
603
595
597
576
572
588
607
600
585
596
605
595
598
579
636
600
563
560
587
585
589
582
562
591
592
573
589
595
588
593
586
593
589
592
588
589
587
591
604
586
525
584
588
592
582
570
592
589
587
578
585
613
581
583
563
566
583
594
580
581
589
590
587
537
590
607
536
579
594
577
583
589
582
528
612
568
585
572
580
564
596
563
560
553
603
573
563
571
588
588
592
570
582
593
555
594
560
525
590
590
569
586
582
600
588
582
587
589
566
587
580
589
581
564
581
619
563
587
558
600
565
587
587
590
541
578
554
580
588
580
582
580
557
586
596
588
582
593
577
590
576
615
633
610
613
597
626
613
609
628
618
612
609
609
612
614
610
623
607
607
595
601
577
586
540
597
560
607
580
555
595
601
608
602
593
591
604
610
581
587
598
557
585
564
563
602
556
563
605
582
578
587
576
577
581
566
580
583
581
560
559
586
590
562
585
573
573
554
580
556
578
580
574
566
571
576
564
582
578
591
554
545
551
579
577
561
577
580
575
601
584
576
599
582
551
575
564
593
571
581
534
579
584
584
533
584
559
555
592
583
557
569
563
557
557
577
581
561
557
577
585
584
576
585
596
561
558
520
558
548
562
609
581
594
572
578
548
587
580
585
555
594
579
546
553
556
588
598
551
578
558
575
586
557
580
568
567
548
577
579
576
585
579
580
580
583
587
598
560
586
599
584
574
586
561
583
583
554
582
566
545
566
587
558
585
559
559
563
583
581
560
575
566
578
554
578
583
561
582
549
552
597
559
578
598
589
582
584
565
592
585
580
581
583
554
558
572
602
553
588
571
560
580
570
576
588
583
551
568
562
529
530
567
559
556
583
588
587
533
558
534
573
554
593
576
575
577
