4743
4244
4294
4065
4194
4047
3995
4089
4091
4132
4009
4027
4293
4110
4242
4080
4173
4119
4109
4197
4126
4233
4175
4134
4166
4111
4102
4090
4092
4332
4488
4164
4152
4280
4133
4089
4119
4123
4119
4079
4053
4062
4089
4102
4083
4060
4053
4228
4099
3997
4267
4011
4245
4046
4087
4090
4428
4162
4162
4111
4068
4015
4098
4075
4392
4100
4117
4073
4062
4098
4061
4041
4085
4041
4110
4011
4047
4062
4123
3986
4049
4204
4237
4196
4272
4006
4058
4068
4058
4096
4076
4058
4058
4064
4209
4074
4093
4086
4110
4047
4046
4071
4030
4067
4013
4154
4090
4028
3980
4078
4019
4209
4103
4025
4088
4231
4015
4072
4041
4135
4346
4173
4155
4101
4125
4100
4204
4048
4072
4046
4036
3935
4072
4246
4231
4129
3963
4060
4058
4074
4068
4059
4065
4032
4027
3975
4046
4027
4119
4016
4039
4039
4060
4085
3964
4059
4030
3995
4052
4105
4035
4051
4014
4055
4142
4079
4025
4094
4064
4048
4081
4027
4025
4005
4058
4108
4010
4029
3985
4055
4039
4066
4061
4065
4056
4022
4025
4016
4027
4048
4066
4052
4043
4058
4035
4050
4003
4035
4061
4010
4085
4057
4033
4083
4003
3997
4037
4159
4046
3997
4079
4033
4011
4031
4057
3941
4020
3928
4014
4082
4060
4043
4017
3965
4060
4092
4183
4057
4057
4022
4212
4056
4200
4095
4212
4205
4192
4089
4067
4057
4082
4205
4022
3988
4020
3999
4099
4088
4071
4061
4186
4045
4081
4034
4049
3982
4026
4013
4075
4244
3968
4062
4170
4029
4053
4007
4080
4178
4076
4014
4012
4009
3952
4089
3979
4016
4061
3958
3978
4072
4041
4034
4019
4045
4079
4074
4033
3970
4010
3975
3972
3972
4045
4012
3989
4061
3996
4000
4010
4012
4200
4031
4019
3947
4003
3997
4043
4043
4001
4033
4046
3975
3953
3994
4019
4031
4026
3947
4043
3930
4058
4083
4066
3991
4058
4017
4018
4139
4234
4034
4012
4175
4045
4022
4024
3960
3992
3990
3986
4191
4029
3949
4190
3971
4026
3952
4007
3983
4013
3970
4039
4209
4007
4172
3998
4051
3971
3996
3914
3976
3996
4025
4044
4002
4071
3978
3984
3957
4013
4167
4034
4171
4023
3975
3936
4011
3940
4073
4047
3945
3965
3968
4041
4033
3962
3998
4026
4128
4129
4067
4011
4072
3995
3994
4010
4032
3698
3715
4061
3950
4051
4061
4018
4046
4028
4009
4043
4025
4166
4067
3812
3416
4047
3999
4194
4002
4177
4191
4062
4051
4018
4141
4063
4030
3991
3953
3969
4071
3952
4057
3968
3962
4020
4007
4020
4186
3992
3982
4162
3973
3993
4024
4013
4195
4039
4008
2867
4030
3487
3888
3900
3989
4013
4190
3979
4033
4012
4044
4000
4072
3941
3926
3930
3958
4013
4029
4221
4082
4004
3961
3999
3965
4027
3981
4026
4012
3994
4040
