4961
4151
4179
4152
4090
4097
4323
4128
4303
4353
4308
4258
4273
4286
4442
4161
4193
4108
4089
4061
4118
4080
4089
4105
4123
4123
4282
4100
4130
4189
4089
4270
4024
4029
4019
4097
4126
4106
4140
4044
4081
4078
4294
4117
4073
4063
4260
4399
4288
4657
4190
4265
4183
4061
4095
4086
4121
4088
4130
4143
4131
4066
4113
4084
4030
4058
4129
4089
4126
4078
4067
4074
4053
4079
4051
4086
4078
4028
4259
4026
4071
4102
4113
4071
4084
4069
4103
4228
4181
4083
4044
4095
4059
3970
4649
4255
4138
4180
4093
4053
4284
4096
4071
4054
4105
4101
4085
4123
3979
4100
4014
3994
4080
4030
4052
4066
4219
4070
4047
4130
4130
4185
4080
4063
4026
4075
4097
4062
4037
4105
4155
4062
4055
4049
3939
4039
4030
4081
4099
4056
4076
4058
4215
4060
4113
3998
4225
4201
4028
4283
4109
4062
4062
4085
4049
4123
4088
4223
4041
4080
4111
4041
4058
4059
4075
4247
4069
4065
4087
4000
4022
4224
4058
4064
4085
4058
3990
4082
4071
4057
4106
4021
4070
3998
4072
4105
4051
3999
4054
4068
4461
4055
4139
4089
4170
4093
4107
4090
4038
4090
4088
4065
4269
4254
4257
4238
4098
4018
4165
4000
4005
4070
4183
4060
4133
4052
4035
4054
4206
4173
4065
4193
4012
4083
4106
4032
4007
4016
3966
4029
4043
3975
3985
4020
4039
4224
4075
4033
4085
4026
4048
4070
4039
4213
4011
4013
4053
4019
4031
4187
4110
4069
4016
4060
4024
4218
3989
4034
4020
4156
4041
4045
4077
4218
4096
4085
4019
4076
4190
4053
4212
4165
4080
4077
4062
3984
4055
4037
4120
4035
4052
4227
4078
4026
4043
3990
4062
4079
4093
4036
4157
4046
4055
4179
4036
3995
4024
4207
4039
4047
4026
4043
4042
4083
4051
4045
4036
4014
4028
4049
4178
4052
4000
3981
4160
4072
4019
4042
4082
4009
3980
4040
3981
4069
4036
4028
4065
4000
4075
4095
3981
4052
4036
4042
4016
4055
4078
4120
4099
4063
4102
4018
4067
4072
4011
4083
4009
4065
4053
4176
4088
4048
4021
3946
4026
4012
4020
4013
4039
4195
4237
3998
4180
4026
4014
3937
4010
4024
4016
3989
4166
3937
3976
3981
4016
4035
4045
4056
4048
4032
3984
4073
3976
4020
3967
3966
3956
4026
3993
4056
4004
4043
4030
4014
4000
4075
3996
4019
4063
4040
4012
4004
3994
3996
3963
3955
3968
3945
4004
4029
4011
3982
4194
4014
4049
4000
4199
3999
4037
4054
3993
4054
4005
4049
4006
3406
3849
3997
3961
4026
4058
3709
3987
3968
3794
4044
4078
4076
4057
4039
4007
4040
4038
4019
4031
3998
4041
3987
4038
3984
3985
4067
3954
4051
4016
4036
4043
4018
3839
4114
4016
3973
3953
4042
4012
4023
4037
4005
3977
3949
4041
3968
3968
4003
3995
3856
3977
4005
4151
2791
4065
3421
3845
4184
3977
4024
3959
3957
3934
3952
2940
3899
4009
4050
4031
3999
3905
4002
4016
3957
4138
3676
3775
3437
4080
3778
3964
3949
4029
4015
4016
3977
